99999.00,99999.00,99999.00,99999.00,99999.00,99999.00,99999.00,99999.00,99999.00,99999.00,99999.00,99999.00,99999.00,99999.00,99999.00,99999.00,99999.00,99999.00,99999.00,99999.00,99999.00,99999.00,99999.00,99999.00,99999.00,99999.00,99999.00,99999.00,99999.00,99999.00,99999.00,99999.00,99999.00,99999.00,99999.00,99999.00,99999.00,99999.00,99999.00,99999.00,99999.00,99999.00,99999.00,99999.00,99999.00,99999.00,99999.00,99999.00,99999.00,99999.00,99999.00,99999.00,99999.00,99999.00,99999.00,99999.00,99999.00,99999.00,99999.00,99999.00,99999.00,99999.00,99999.00,99999.00,99999.00,99999.00,99999.00,99999.00,99999.00,99999.00,99999.00,99999.00,99999.00,99999.00,99999.00,99999.00,99999.00,99999.00,99999.00,99999.00,99999.00,99999.00,99999.00,99999.00,99999.00,99999.00,99999.00,99999.00,99999.00,99999.00,99999.00,99999.00,99999.00,99999.00,99999.00,99999.00,99999.00,99999.00,99999.00,99999.00,99999.00,99999.00,99999.00,99999.00,99999.00,99999.00,99999.00,99999.00,99999.00,99999.00,99999.00,99999.00,99999.00,99999.00,99999.00,99999.00,99999.00,99999.00,99999.00,99999.00,99999.00,99999.00,99999.00,99999.00,99999.00,99999.00,99999.00,99999.00,99999.00,99999.00,99999.00,99999.00
99999.00,99999.00,99999.00,99999.00,99999.00,99999.00,99999.00,99999.00,99999.00,99999.00,99999.00,99999.00,99999.00,99999.00,99999.00,99999.00,99999.00,99999.00,99999.00,99999.00,99999.00,99999.00,99999.00,99999.00,99999.00,99999.00,99999.00,99999.00,99999.00,99999.00,99999.00,99999.00,99999.00,99999.00,99999.00,99999.00,99999.00,99999.00,99999.00,99999.00,99999.00,99999.00,99999.00,99999.00,99999.00,99999.00,99999.00,99999.00,99999.00,99999.00,99999.00,99999.00,99999.00,99999.00,99999.00,99999.00,99999.00,99999.00,99999.00,99999.00,99999.00,99999.00,99999.00,99999.00,99999.00,99999.00,99999.00,99999.00,99999.00,99999.00,99999.00,99999.00,99999.00,99999.00,99999.00,99999.00,99999.00,99999.00,99999.00,99999.00,99999.00,99999.00,99999.00,99999.00,99999.00,99999.00,99999.00,99999.00,99999.00,99999.00,99999.00,99999.00,99999.00,99999.00,99999.00,99999.00,99999.00,99999.00,99999.00,99999.00,99999.00,99999.00,99999.00,99999.00,99999.00,99999.00,99999.00,99999.00,99999.00,99999.00,99999.00,99999.00,99999.00,99999.00,99999.00,99999.00,99999.00,99999.00,99999.00,99999.00,99999.00,99999.00,99999.00,99999.00,99999.00,99999.00,99999.00,99999.00,99999.00,99999.00,99999.00,99999.00
99999.00,99999.00,99999.00,99999.00,99999.00,99999.00,99999.00,99999.00,99999.00,99999.00,99999.00,99999.00,99999.00,99999.00,99999.00,99999.00,99999.00,99999.00,99999.00,99999.00,99999.00,99999.00,99999.00,99999.00,99999.00,99999.00,99999.00,99999.00,99999.00,99999.00,99999.00,99999.00,99999.00,99999.00,99999.00,99999.00,99999.00,99999.00,99999.00,99999.00,99999.00,99999.00,99999.00,99999.00,99999.00,99999.00,99999.00,99999.00,99999.00,99999.00,99999.00,99999.00,99999.00,99999.00,99999.00,99999.00,99999.00,99999.00,99999.00,99999.00,99999.00,99999.00,99999.00,99999.00,99999.00,99999.00,99999.00,99999.00,99999.00,99999.00,99999.00,99999.00,99999.00,99999.00,99999.00,99999.00,99999.00,99999.00,99999.00,99999.00,99999.00,99999.00,99999.00,99999.00,99999.00,99999.00,99999.00,99999.00,99999.00,99999.00,99999.00,99999.00,99999.00,99999.00,99999.00,99999.00,99999.00,99999.00,99999.00,99999.00,99999.00,99999.00,99999.00,99999.00,99999.00,99999.00,99999.00,99999.00,99999.00,99999.00,99999.00,99999.00,99999.00,99999.00,99999.00,99999.00,99999.00,99999.00,99999.00,99999.00,99999.00,99999.00,99999.00,99999.00,99999.00,99999.00,99999.00,99999.00,99999.00,99999.00,99999.00,99999.00
99999.00,99999.00,99999.00,99999.00,99999.00,99999.00,99999.00,99999.00,99999.00,99999.00,99999.00,99999.00,99999.00,99999.00,99999.00,99999.00,99999.00,99999.00,99999.00,99999.00,99999.00,99999.00,99999.00,99999.00,99999.00,99999.00,99999.00,99999.00,99999.00,99999.00,99999.00,99999.00,99999.00,99999.00,99999.00,99999.00,99999.00,99999.00,99999.00,99999.00,99999.00,99999.00,99999.00,99999.00,99999.00,99999.00,99999.00,99999.00,99999.00,99999.00,99999.00,99999.00,99999.00,99999.00,99999.00,99999.00,99999.00,99999.00,99999.00,99999.00,99999.00,99999.00,99999.00,99999.00,99999.00,99999.00,99999.00,99999.00,99999.00,99999.00,99999.00,99999.00,99999.00,99999.00,99999.00,99999.00,99999.00,99999.00,99999.00,99999.00,99999.00,99999.00,99999.00,99999.00,99999.00,99999.00,99999.00,99999.00,99999.00,99999.00,99999.00,99999.00,99999.00,99999.00,99999.00,99999.00,99999.00,99999.00,99999.00,99999.00,99999.00,99999.00,99999.00,99999.00,99999.00,99999.00,99999.00,99999.00,99999.00,99999.00,99999.00,99999.00,99999.00,99999.00,99999.00,99999.00,99999.00,99999.00,99999.00,99999.00,99999.00,99999.00,99999.00,99999.00,99999.00,99999.00,99999.00,99999.00,99999.00,99999.00,99999.00,99999.00
99999.00,99999.00,99999.00,99999.00,99999.00,99999.00,99999.00,99999.00,99999.00,99999.00,99999.00,99999.00,99999.00,99999.00,99999.00,99999.00,99999.00,99999.00,99999.00,99999.00,99999.00,99999.00,99999.00,99999.00,99999.00,99999.00,99999.00,99999.00,99999.00,99999.00,99999.00,99999.00,99999.00,99999.00,99999.00,99999.00,99999.00,99999.00,99999.00,99999.00,99999.00,99999.00,99999.00,99999.00,99999.00,99999.00,99999.00,99999.00,99999.00,99999.00,99999.00,99999.00,99999.00,99999.00,99999.00,99999.00,99999.00,99999.00,99999.00,99999.00,99999.00,99999.00,99999.00,99999.00,99999.00,99999.00,99999.00,99999.00,99999.00,99999.00,99999.00,99999.00,99999.00,99999.00,99999.00,99999.00,99999.00,99999.00,99999.00,99999.00,99999.00,99999.00,99999.00,99999.00,99999.00,99999.00,99999.00,99999.00,99999.00,99999.00,99999.00,99999.00,99999.00,99999.00,99999.00,99999.00,99999.00,99999.00,99999.00,99999.00,99999.00,99999.00,99999.00,99999.00,99999.00,99999.00,99999.00,99999.00,99999.00,99999.00,99999.00,99999.00,99999.00,99999.00,99999.00,99999.00,99999.00,99999.00,99999.00,99999.00,99999.00,99999.00,99999.00,99999.00,99999.00,99999.00,99999.00,99999.00,99999.00,99999.00,99999.00,99999.00
99999.00,99999.00,99999.00,99999.00,99999.00,99999.00,99999.00,99999.00,99999.00,99999.00,99999.00,99999.00,99999.00,99999.00,99999.00,99999.00,99999.00,99999.00,99999.00,99999.00,99999.00,99999.00,99999.00,99999.00,99999.00,99999.00,99999.00,99999.00,99999.00,99999.00,99999.00,99999.00,99999.00,99999.00,99999.00,99999.00,99999.00,99999.00,99999.00,99999.00,99999.00,99999.00,99999.00,99999.00,99999.00,99999.00,99999.00,99999.00,99999.00,99999.00,99999.00,99999.00,99999.00,99999.00,99999.00,99999.00,99999.00,99999.00,99999.00,99999.00,99999.00,99999.00,99999.00,99999.00,99999.00,99999.00,99999.00,99999.00,99999.00,99999.00,99999.00,99999.00,99999.00,99999.00,99999.00,99999.00,99999.00,99999.00,99999.00,99999.00,99999.00,99999.00,99999.00,99999.00,99999.00,99999.00,99999.00,99999.00,99999.00,99999.00,99999.00,99999.00,99999.00,99999.00,99999.00,99999.00,99999.00,99999.00,99999.00,99999.00,99999.00,99999.00,99999.00,99999.00,99999.00,99999.00,99999.00,99999.00,99999.00,99999.00,99999.00,99999.00,99999.00,99999.00,99999.00,99999.00,99999.00,99999.00,99999.00,99999.00,99999.00,99999.00,99999.00,99999.00,99999.00,99999.00,99999.00,99999.00,99999.00,99999.00,99999.00,99999.00
99999.00,99999.00,99999.00,99999.00,99999.00,99999.00,99999.00,99999.00,99999.00,99999.00,99999.00,99999.00,99999.00,99999.00,99999.00,99999.00,99999.00,99999.00,99999.00,99999.00,99999.00,99999.00,99999.00,99999.00,99999.00,99999.00,99999.00,99999.00,99999.00,99999.00,99999.00,99999.00,99999.00,99999.00,99999.00,99999.00,99999.00,99999.00,99999.00,99999.00,99999.00,99999.00,99999.00,99999.00,99999.00,99999.00,99999.00,99999.00,99999.00,99999.00,99999.00,99999.00,99999.00,99999.00,99999.00,99999.00,99999.00,99999.00,99999.00,99999.00,99999.00,99999.00,99999.00,99999.00,99999.00,99999.00,99999.00,99999.00,99999.00,99999.00,99999.00,99999.00,99999.00,99999.00,99999.00,99999.00,99999.00,99999.00,99999.00,99999.00,99999.00,99999.00,99999.00,99999.00,99999.00,99999.00,99999.00,99999.00,99999.00,99999.00,99999.00,99999.00,99999.00,99999.00,99999.00,99999.00,99999.00,99999.00,99999.00,99999.00,99999.00,99999.00,99999.00,99999.00,99999.00,99999.00,99999.00,99999.00,99999.00,99999.00,99999.00,99999.00,99999.00,99999.00,99999.00,99999.00,99999.00,99999.00,99999.00,99999.00,99999.00,99999.00,99999.00,99999.00,99999.00,99999.00,99999.00,99999.00,99999.00,99999.00,99999.00,99999.00
99999.00,99999.00,99999.00,99999.00,99999.00,99999.00,99999.00,99999.00,99999.00,99999.00,99999.00,99999.00,99999.00,99999.00,99999.00,99999.00,99999.00,99999.00,99999.00,99999.00,99999.00,99999.00,99999.00,99999.00,99999.00,99999.00,99999.00,99999.00,99999.00,99999.00,99999.00,99999.00,99999.00,99999.00,99999.00,99999.00,99999.00,99999.00,99999.00,99999.00,99999.00,99999.00,99999.00,99999.00,99999.00,99999.00,99999.00,99999.00,99999.00,99999.00,99999.00,99999.00,99999.00,99999.00,99999.00,99999.00,99999.00,99999.00,99999.00,99999.00,99999.00,99999.00,99999.00,99999.00,99999.00,99999.00,99999.00,99999.00,99999.00,99999.00,99999.00,99999.00,99999.00,99999.00,99999.00,99999.00,99999.00,99999.00,99999.00,99999.00,99999.00,99999.00,99999.00,99999.00,99999.00,99999.00,99999.00,99999.00,99999.00,99999.00,99999.00,99999.00,99999.00,99999.00,99999.00,99999.00,99999.00,99999.00,99999.00,99999.00,99999.00,99999.00,99999.00,99999.00,99999.00,99999.00,99999.00,99999.00,99999.00,99999.00,99999.00,99999.00,99999.00,99999.00,99999.00,99999.00,99999.00,99999.00,99999.00,99999.00,99999.00,99999.00,99999.00,99999.00,99999.00,99999.00,99999.00,99999.00,99999.00,99999.00,99999.00,99999.00
99999.00,99999.00,99999.00,99999.00,99999.00,99999.00,99999.00,99999.00,99999.00,99999.00,99999.00,99999.00,99999.00,99999.00,99999.00,99999.00,99999.00,99999.00,99999.00,99999.00,99999.00,99999.00,99999.00,99999.00,99999.00,99999.00,99999.00,99999.00,99999.00,99999.00,99999.00,99999.00,99999.00,99999.00,99999.00,99999.00,99999.00,99999.00,99999.00,99999.00,99999.00,99999.00,99999.00,99999.00,99999.00,99999.00,99999.00,99999.00,99999.00,99999.00,99999.00,99999.00,99999.00,99999.00,99999.00,99999.00,99999.00,99999.00,99999.00,99999.00,99999.00,99999.00,99999.00,99999.00,99999.00,99999.00,99999.00,99999.00,99999.00,99999.00,99999.00,99999.00,99999.00,99999.00,99999.00,99999.00,99999.00,99999.00,99999.00,99999.00,99999.00,99999.00,99999.00,99999.00,99999.00,99999.00,99999.00,99999.00,99999.00,99999.00,99999.00,99999.00,99999.00,99999.00,99999.00,99999.00,99999.00,99999.00,99999.00,99999.00,99999.00,99999.00,99999.00,99999.00,99999.00,99999.00,99999.00,99999.00,99999.00,99999.00,99999.00,99999.00,99999.00,99999.00,99999.00,99999.00,99999.00,99999.00,99999.00,99999.00,99999.00,99999.00,99999.00,99999.00,99999.00,99999.00,99999.00,99999.00,99999.00,99999.00,99999.00,99999.00
99999.00,99999.00,99999.00,99999.00,99999.00,99999.00,99999.00,99999.00,99999.00,99999.00,99999.00,99999.00,99999.00,99999.00,99999.00,99999.00,99999.00,99999.00,99999.00,99999.00,99999.00,99999.00,99999.00,99999.00,99999.00,99999.00,99999.00,99999.00,99999.00,99999.00,99999.00,99999.00,99999.00,99999.00,99999.00,99999.00,99999.00,99999.00,99999.00,99999.00,99999.00,99999.00,99999.00,99999.00,99999.00,99999.00,99999.00,99999.00,99999.00,99999.00,99999.00,99999.00,99999.00,99999.00,99999.00,99999.00,99999.00,99999.00,99999.00,99999.00,99999.00,99999.00,99999.00,99999.00,99999.00,99999.00,99999.00,99999.00,99999.00,99999.00,99999.00,99999.00,99999.00,99999.00,99999.00,99999.00,99999.00,99999.00,99999.00,99999.00,99999.00,99999.00,99999.00,99999.00,99999.00,99999.00,99999.00,99999.00,99999.00,99999.00,99999.00,99999.00,99999.00,99999.00,99999.00,99999.00,99999.00,99999.00,99999.00,99999.00,99999.00,99999.00,99999.00,99999.00,99999.00,99999.00,99999.00,99999.00,99999.00,99999.00,99999.00,99999.00,99999.00,99999.00,99999.00,99999.00,99999.00,99999.00,99999.00,99999.00,99999.00,99999.00,99999.00,99999.00,99999.00,99999.00,99999.00,99999.00,99999.00,99999.00,99999.00,99999.00
99999.00,99999.00,99999.00,99999.00,99999.00,99999.00,99999.00,99999.00,99999.00,99999.00,99999.00,99999.00,99999.00,99999.00,99999.00,99999.00,99999.00,99999.00,99999.00,99999.00,99999.00,99999.00,99999.00,99999.00,99999.00,99999.00,99999.00,99999.00,99999.00,99999.00,99999.00,99999.00,99999.00,99999.00,99999.00,99999.00,99999.00,99999.00,99999.00,99999.00,99999.00,99999.00,99999.00,99999.00,99999.00,99999.00,99999.00,99999.00,99999.00,99999.00,99999.00,99999.00,99999.00,99999.00,99999.00,99999.00,99999.00,99999.00,99999.00,99999.00,99999.00,99999.00,99999.00,99999.00,99999.00,99999.00,99999.00,99999.00,99999.00,99999.00,99999.00,99999.00,99999.00,99999.00,99999.00,99999.00,99999.00,99999.00,99999.00,99999.00,99999.00,99999.00,99999.00,99999.00,99999.00,99999.00,99999.00,99999.00,99999.00,99999.00,99999.00,99999.00,99999.00,99999.00,99999.00,99999.00,99999.00,99999.00,99999.00,99999.00,99999.00,99999.00,99999.00,99999.00,99999.00,99999.00,99999.00,99999.00,99999.00,99999.00,99999.00,99999.00,99999.00,99999.00,99999.00,99999.00,99999.00,99999.00,99999.00,99999.00,99999.00,99999.00,99999.00,99999.00,99999.00,99999.00,99999.00,99999.00,99999.00,99999.00,99999.00,99999.00
99999.00,99999.00,99999.00,99999.00,99999.00,99999.00,99999.00,99999.00,99999.00,99999.00,99999.00,99999.00,99999.00,99999.00,99999.00,99999.00,99999.00,99999.00,99999.00,99999.00,99999.00,99999.00,99999.00,99999.00,99999.00,99999.00,99999.00,99999.00,99999.00,99999.00,99999.00,99999.00,99999.00,99999.00,99999.00,99999.00,99999.00,99999.00,99999.00,99999.00,99999.00,99999.00,99999.00,99999.00,99999.00,99999.00,99999.00,99999.00,99999.00,99999.00,99999.00,99999.00,99999.00,99999.00,99999.00,99999.00,99999.00,99999.00,99999.00,99999.00,99999.00,99999.00,99999.00,99999.00,99999.00,99999.00,99999.00,99999.00,99999.00,99999.00,99999.00,99999.00,99999.00,99999.00,99999.00,99999.00,99999.00,99999.00,99999.00,99999.00,99999.00,99999.00,99999.00,99999.00,99999.00,99999.00,99999.00,99999.00,99999.00,99999.00,99999.00,99999.00,99999.00,99999.00,99999.00,99999.00,99999.00,99999.00,99999.00,99999.00,99999.00,99999.00,99999.00,99999.00,99999.00,99999.00,99999.00,99999.00,99999.00,99999.00,99999.00,99999.00,99999.00,99999.00,99999.00,99999.00,99999.00,99999.00,99999.00,99999.00,99999.00,99999.00,99999.00,99999.00,99999.00,99999.00,99999.00,99999.00,99999.00,99999.00,99999.00,99999.00
99999.00,99999.00,99999.00,99999.00,99999.00,99999.00,99999.00,99999.00,99999.00,99999.00,99999.00,99999.00,99999.00,99999.00,99999.00,99999.00,99999.00,99999.00,99999.00,99999.00,99999.00,99999.00,99999.00,99999.00,99999.00,99999.00,99999.00,99999.00,99999.00,99999.00,99999.00,99999.00,99999.00,99999.00,99999.00,99999.00,99999.00,99999.00,99999.00,99999.00,99999.00,99999.00,99999.00,99999.00,99999.00,99999.00,99999.00,99999.00,99999.00,99999.00,99999.00,99999.00,99999.00,99999.00,99999.00,99999.00,99999.00,99999.00,99999.00,99999.00,99999.00,99999.00,99999.00,99999.00,99999.00,99999.00,99999.00,99999.00,99999.00,99999.00,99999.00,99999.00,99999.00,99999.00,99999.00,99999.00,99999.00,99999.00,99999.00,99999.00,99999.00,99999.00,99999.00,99999.00,99999.00,99999.00,99999.00,99999.00,99999.00,99999.00,99999.00,99999.00,99999.00,99999.00,99999.00,99999.00,99999.00,99999.00,99999.00,99999.00,99999.00,99999.00,99999.00,99999.00,99999.00,99999.00,99999.00,99999.00,99999.00,99999.00,99999.00,99999.00,99999.00,99999.00,99999.00,99999.00,99999.00,99999.00,99999.00,99999.00,99999.00,99999.00,99999.00,99999.00,99999.00,99999.00,99999.00,99999.00,99999.00,99999.00,99999.00,99999.00
99999.00,99999.00,99999.00,99999.00,99999.00,99999.00,99999.00,99999.00,99999.00,99999.00,99999.00,99999.00,99999.00,99999.00,99999.00,99999.00,99999.00,99999.00,99999.00,99999.00,99999.00,99999.00,99999.00,99999.00,99999.00,99999.00,99999.00,99999.00,99999.00,99999.00,99999.00,99999.00,99999.00,99999.00,99999.00,99999.00,99999.00,99999.00,99999.00,99999.00,99999.00,99999.00,99999.00,99999.00,99999.00,99999.00,99999.00,99999.00,99999.00,99999.00,99999.00,99999.00,99999.00,99999.00,99999.00,99999.00,99999.00,99999.00,99999.00,99999.00,99999.00,99999.00,99999.00,99999.00,99999.00,99999.00,99999.00,99999.00,99999.00,99999.00,99999.00,99999.00,99999.00,99999.00,99999.00,99999.00,99999.00,99999.00,99999.00,99999.00,99999.00,99999.00,99999.00,99999.00,99999.00,99999.00,99999.00,99999.00,99999.00,99999.00,99999.00,99999.00,99999.00,99999.00,99999.00,99999.00,99999.00,99999.00,99999.00,99999.00,99999.00,99999.00,99999.00,99999.00,99999.00,99999.00,99999.00,99999.00,99999.00,99999.00,99999.00,99999.00,99999.00,99999.00,99999.00,99999.00,99999.00,99999.00,99999.00,99999.00,99999.00,99999.00,99999.00,99999.00,99999.00,99999.00,99999.00,99999.00,99999.00,99999.00,99999.00,99999.00
99999.00,99999.00,99999.00,99999.00,99999.00,99999.00,99999.00,99999.00,99999.00,99999.00,99999.00,99999.00,99999.00,99999.00,99999.00,99999.00,99999.00,99999.00,99999.00,99999.00,99999.00,99999.00,99999.00,99999.00,99999.00,99999.00,99999.00,99999.00,99999.00,99999.00,99999.00,99999.00,99999.00,99999.00,99999.00,99999.00,99999.00,99999.00,99999.00,99999.00,99999.00,99999.00,99999.00,99999.00,99999.00,99999.00,99999.00,99999.00,99999.00,99999.00,99999.00,99999.00,99999.00,99999.00,99999.00,99999.00,99999.00,99999.00,99999.00,99999.00,99999.00,99999.00,99999.00,99999.00,99999.00,99999.00,99999.00,99999.00,99999.00,99999.00,99999.00,99999.00,99999.00,99999.00,99999.00,99999.00,99999.00,99999.00,99999.00,99999.00,99999.00,99999.00,99999.00,99999.00,99999.00,99999.00,99999.00,99999.00,99999.00,99999.00,99999.00,99999.00,99999.00,99999.00,99999.00,99999.00,99999.00,99999.00,99999.00,99999.00,99999.00,99999.00,99999.00,99999.00,99999.00,99999.00,99999.00,99999.00,99999.00,99999.00,99999.00,99999.00,99999.00,99999.00,99999.00,99999.00,99999.00,99999.00,99999.00,99999.00,99999.00,99999.00,99999.00,99999.00,99999.00,99999.00,99999.00,99999.00,99999.00,99999.00,99999.00,99999.00
99999.00,99999.00,99999.00,99999.00,99999.00,99999.00,99999.00,99999.00,99999.00,99999.00,99999.00,99999.00,99999.00,99999.00,99999.00, 940.03, 929.73, 919.52, 909.53, 899.81, 890.22, 881.11, 872.20, 863.27, 854.86, 846.67, 839.08, 831.81, 825.11, 819.43, 814.94, 812.28, 811.94, 815.74,99999.00,99999.00,99999.00,99999.00,99999.00,99999.00,99999.00,99999.00,99999.00,99999.00,99999.00,99999.00,99999.00,99999.00,99999.00,99999.00,99999.00,99999.00,99999.00,99999.00,99999.00,99999.00,99999.00,99999.00,99999.00,99999.00,99999.00,99999.00,  54.35,  32.66,  22.18,99999.00,99999.00,99999.00,99999.00,99999.00,99999.00,99999.00,99999.00,99999.00,99999.00,99999.00,99999.00,99999.00,99999.00,99999.00,99999.00,99999.00,99999.00,99999.00,99999.00,99999.00,99999.00,99999.00,99999.00,99999.00,99999.00,99999.00,99999.00,99999.00,99999.00,99999.00,99999.00,99999.00,99999.00,99999.00,99999.00,99999.00,99999.00,99999.00,99999.00,99999.00,99999.00,99999.00,99999.00,99999.00,99999.00,99999.00,99999.00,99999.00,99999.00,99999.00,99999.00,99999.00,99999.00,99999.00,99999.00,99999.00,99999.00,99999.00,99999.00,99999.00,99999.00,99999.00,99999.00,99999.00,99999.00,99999.00
99999.00,99999.00,99999.00,99999.00,99999.00,99999.00,99999.00,99999.00,99999.00,99999.00,99999.00,99999.00,99999.00,99999.00,99999.00, 931.75, 916.34, 905.85, 895.44, 885.23, 875.28, 865.43, 856.04, 846.83, 838.05, 829.29, 821.19, 813.23, 806.03, 799.05, 793.96, 790.56, 789.28, 791.85,99999.00,99999.00,99999.00,99999.00,99999.00,99999.00,99999.00,99999.00,99999.00,99999.00,99999.00,99999.00,99999.00,99999.00,99999.00,99999.00,99999.00,99999.00,99999.00,99999.00,99999.00,99999.00,99999.00,99999.00,99999.00,99999.00,99999.00,99999.00,  45.41,  22.10,   0.00,99999.00,99999.00,99999.00,99999.00,99999.00,99999.00,99999.00,99999.00,99999.00,99999.00,99999.00,99999.00,99999.00,99999.00,99999.00,99999.00,99999.00,99999.00,99999.00,99999.00,99999.00,99999.00,99999.00,99999.00,99999.00,99999.00,99999.00,99999.00,99999.00,99999.00,99999.00,99999.00,99999.00,99999.00,99999.00,99999.00,99999.00,99999.00,99999.00,99999.00,99999.00,99999.00,99999.00,99999.00,99999.00,99999.00,99999.00,99999.00,99999.00,99999.00,99999.00,99999.00,99999.00,99999.00,99999.00,99999.00,99999.00,99999.00,99999.00,99999.00,99999.00,99999.00,99999.00,99999.00,99999.00,99999.00,99999.00
99999.00,99999.00,99999.00,99999.00,99999.00,99999.00,99999.00,99999.00,99999.00,99999.00,99999.00,99999.00,99999.00,99999.00,99999.00, 924.13, 908.24, 893.96, 883.27, 872.64, 862.20, 852.00, 841.87, 832.18, 822.63, 813.63, 804.79, 796.47, 788.36, 780.69, 774.04, 769.90, 767.69, 769.02,99999.00,99999.00,99999.00,99999.00,99999.00,99999.00,99999.00,99999.00,99999.00,99999.00,99999.00,99999.00,99999.00,99999.00,99999.00,99999.00,99999.00,99999.00,99999.00,99999.00,99999.00,99999.00,99999.00,99999.00,99999.00,99999.00,99999.00,99999.00,  44.89,  22.32,   0.00,99999.00,99999.00,99999.00,99999.00,99999.00,99999.00,99999.00,99999.00,99999.00,99999.00,99999.00,99999.00,99999.00,99999.00,99999.00,99999.00,99999.00,99999.00,99999.00,99999.00,99999.00,99999.00,99999.00,99999.00,99999.00,99999.00,99999.00,99999.00,99999.00,99999.00,99999.00,99999.00,99999.00,99999.00,99999.00,99999.00,99999.00,99999.00,99999.00,99999.00,99999.00,99999.00,99999.00,99999.00,99999.00,99999.00,99999.00,99999.00,99999.00,99999.00,99999.00,99999.00,99999.00,99999.00,99999.00,99999.00,99999.00,99999.00,99999.00,99999.00,99999.00,99999.00,99999.00,99999.00,99999.00,99999.00,99999.00
99999.00,99999.00,99999.00,99999.00,99999.00,99999.00,99999.00,99999.00,99999.00,99999.00,99999.00,99999.00,99999.00,99999.00,99999.00, 917.43, 900.75, 886.01, 872.52, 861.62, 850.75, 840.06, 829.58, 819.14, 809.12, 799.21, 789.79, 780.96, 772.15, 763.99, 755.88, 750.05, 746.90, 747.00,99999.00,99999.00,99999.00,99999.00,99999.00,99999.00,99999.00,99999.00,99999.00,99999.00,99999.00,99999.00,99999.00,99999.00,99999.00,99999.00,99999.00,99999.00,99999.00,99999.00,99999.00,99999.00,99999.00,99999.00,99999.00,99999.00,99999.00,99999.00,  45.35,  22.55,   0.00,99999.00,99999.00,99999.00,99999.00,99999.00,99999.00,99999.00,99999.00,99999.00,99999.00,99999.00,99999.00,99999.00,99999.00,99999.00,99999.00,99999.00,99999.00,99999.00,99999.00,99999.00,99999.00,99999.00,99999.00,99999.00,99999.00,99999.00,99999.00,99999.00,99999.00,99999.00,99999.00,99999.00,99999.00,99999.00,99999.00,99999.00,99999.00,99999.00,99999.00,99999.00,99999.00,99999.00,99999.00,99999.00,99999.00,99999.00,99999.00,99999.00,99999.00,99999.00,99999.00,99999.00,99999.00,99999.00,99999.00,99999.00,99999.00,99999.00,99999.00,99999.00,99999.00,99999.00,99999.00,99999.00,99999.00,99999.00
99999.00,99999.00,99999.00,99999.00,99999.00,99999.00,99999.00,99999.00,99999.00,99999.00,99999.00,99999.00,99999.00,99999.00,99999.00, 912.59, 895.19, 878.93, 864.66, 851.74, 840.60, 829.48, 818.51, 807.73, 796.96, 786.57, 776.24, 766.36, 757.20, 748.12, 739.31, 731.31, 726.73, 725.59,99999.00,99999.00,99999.00,99999.00,99999.00,99999.00,99999.00,99999.00,99999.00,99999.00,99999.00,99999.00,99999.00,99999.00,99999.00,99999.00,99999.00,99999.00,99999.00,99999.00,99999.00,99999.00,99999.00,99999.00,99999.00,99999.00,99999.00,99999.00,  45.82,  22.79,   0.00,99999.00,99999.00,99999.00,99999.00,99999.00,99999.00,99999.00,99999.00,99999.00,99999.00,99999.00,99999.00,99999.00,99999.00,99999.00,99999.00,99999.00,99999.00,99999.00,99999.00,99999.00,99999.00,99999.00,99999.00,99999.00,99999.00,99999.00,99999.00,99999.00,99999.00,99999.00,99999.00,99999.00,99999.00,99999.00,99999.00,99999.00,99999.00,99999.00,99999.00,99999.00,99999.00,99999.00,99999.00,99999.00,99999.00,99999.00,99999.00,99999.00,99999.00,99999.00,99999.00,99999.00,99999.00,99999.00,99999.00,99999.00,99999.00,99999.00,99999.00,99999.00,99999.00,99999.00,99999.00,99999.00,99999.00,99999.00
99999.00,99999.00,99999.00,99999.00,99999.00,99999.00,99999.00,99999.00,99999.00,99999.00,99999.00,99999.00,99999.00,99999.00,99999.00, 908.51, 890.92, 874.40, 858.70, 844.26, 831.40, 820.00, 808.61, 797.34, 786.22, 775.08, 764.28, 753.48, 743.07, 733.29, 723.99, 714.52, 707.04, 704.67,99999.00,99999.00,99999.00,99999.00,99999.00,99999.00,99999.00,99999.00,99999.00,99999.00,99999.00,99999.00,99999.00,99999.00,99999.00,99999.00,99999.00,99999.00,99999.00,99999.00,99999.00,99999.00,99999.00,99999.00,99999.00,99999.00,99999.00,99999.00,  46.32,  23.04,   0.00,99999.00,99999.00,99999.00,99999.00,99999.00,99999.00,99999.00,99999.00,99999.00,99999.00,99999.00,99999.00,99999.00,99999.00,99999.00,99999.00,99999.00,99999.00,99999.00,99999.00,99999.00,99999.00,99999.00,99999.00,99999.00,99999.00,99999.00,99999.00,99999.00,99999.00,99999.00,99999.00,99999.00,99999.00,99999.00,99999.00,99999.00,99999.00,99999.00,99999.00,99999.00,99999.00,99999.00,99999.00,99999.00,99999.00,99999.00,99999.00,99999.00,99999.00,99999.00,99999.00,99999.00,99999.00,99999.00,99999.00,99999.00,99999.00,99999.00,99999.00,99999.00,99999.00,99999.00,99999.00,99999.00,99999.00,99999.00
99999.00,99999.00,99999.00,99999.00,99999.00,99999.00,99999.00,99999.00,99999.00,99999.00,99999.00,99999.00,99999.00,99999.00,99999.00, 905.37, 887.56, 870.83, 854.92, 839.63, 825.00, 811.66, 799.64, 787.95, 776.34, 764.85, 753.31, 742.03, 730.71, 719.68, 709.19, 699.02, 689.36, 684.10,99999.00,99999.00,99999.00,99999.00,99999.00,99999.00,99999.00,99999.00,99999.00,99999.00,99999.00,99999.00,99999.00,99999.00,99999.00,99999.00,99999.00,99999.00,99999.00,99999.00,99999.00,99999.00,99999.00,99999.00,99999.00,99999.00,99999.00,99999.00,  46.83,  23.29,   0.00,99999.00,99999.00,99999.00,99999.00,99999.00,99999.00,99999.00,99999.00,99999.00,99999.00,99999.00,99999.00,99999.00,99999.00,99999.00,99999.00,99999.00,99999.00,99999.00,99999.00,99999.00,99999.00,99999.00,99999.00,99999.00,99999.00,99999.00,99999.00,99999.00,99999.00,99999.00,99999.00,99999.00,99999.00,99999.00,99999.00,99999.00,99999.00,99999.00,99999.00,99999.00,99999.00,99999.00,99999.00,99999.00,99999.00,99999.00,99999.00,99999.00,99999.00,99999.00,99999.00,99999.00,99999.00,99999.00,99999.00,99999.00,99999.00,99999.00,99999.00,99999.00,99999.00,99999.00,99999.00,99999.00,99999.00,99999.00
99999.00,99999.00,99999.00,99999.00,99999.00,99999.00,99999.00,99999.00,99999.00,99999.00,99999.00,99999.00,99999.00,99999.00,99999.00, 902.90, 884.86, 867.90, 851.75, 836.23, 821.20, 806.55, 792.77, 780.08, 767.58, 755.36, 743.46, 731.45, 719.64, 707.70, 695.96, 684.60, 673.39, 663.81,99999.00,99999.00,99999.00,99999.00,99999.00,99999.00,99999.00,99999.00,99999.00,99999.00,99999.00,99999.00,99999.00,99999.00,99999.00,99999.00,99999.00,99999.00,99999.00,99999.00,99999.00,99999.00,99999.00,99999.00,99999.00,99999.00,99999.00,99999.00,  47.29,  23.53,   0.00,99999.00,99999.00,99999.00,99999.00,99999.00,99999.00,99999.00,99999.00,99999.00,99999.00,99999.00,99999.00,99999.00,99999.00,99999.00,99999.00,99999.00,99999.00,99999.00,99999.00,99999.00,99999.00,99999.00,99999.00,99999.00,99999.00,99999.00,99999.00,99999.00,99999.00,99999.00,99999.00,99999.00,99999.00,99999.00,99999.00,99999.00,99999.00,99999.00,99999.00,99999.00,99999.00,99999.00,99999.00,99999.00,99999.00,99999.00,99999.00,99999.00,99999.00,99999.00,99999.00,99999.00,99999.00,99999.00,99999.00,99999.00,99999.00,99999.00,99999.00,99999.00,99999.00,99999.00,99999.00,99999.00,99999.00,99999.00
99999.00,99999.00,99999.00,99999.00,99999.00,99999.00,99999.00,99999.00,99999.00,99999.00,99999.00,99999.00,99999.00,99999.00,99999.00, 901.12, 882.82, 865.60, 849.19, 833.42, 818.14, 803.24, 788.63, 774.45, 761.14, 747.92, 734.84, 721.97, 709.33, 696.91, 684.26, 671.66, 659.26, 646.74,99999.00,99999.00,99999.00,99999.00,99999.00,99999.00,99999.00,99999.00,99999.00,99999.00,99999.00,99999.00,99999.00,99999.00,99999.00,99999.00,99999.00,99999.00,99999.00,99999.00,99999.00,99999.00,99999.00,99999.00,99999.00,99999.00,99999.00,99999.00,  47.35,  23.62,   0.00,99999.00,99999.00,99999.00,99999.00,99999.00,99999.00,99999.00,99999.00,99999.00,99999.00,99999.00,99999.00,99999.00,99999.00,99999.00,99999.00,99999.00,99999.00,99999.00,99999.00,99999.00,99999.00,99999.00,99999.00,99999.00,99999.00,99999.00,99999.00,99999.00,99999.00,99999.00,99999.00,99999.00,99999.00,99999.00,99999.00,99999.00,99999.00,99999.00,99999.00,99999.00,99999.00,99999.00,99999.00,99999.00,99999.00,99999.00,99999.00,99999.00,99999.00,99999.00,99999.00,99999.00,99999.00,99999.00,99999.00,99999.00,99999.00,99999.00,99999.00,99999.00,99999.00,99999.00,99999.00,99999.00,99999.00,99999.00
99999.00,99999.00,99999.00,99999.00,99999.00,99999.00,99999.00,99999.00,99999.00,99999.00,99999.00,99999.00,99999.00,99999.00,99999.00, 899.96, 881.38, 863.88, 847.20, 831.15, 815.59, 800.42, 785.55, 770.89, 756.45, 742.59, 728.70, 714.84, 701.04, 687.34, 673.76, 660.25, 646.66, 633.04, 618.95,99999.00,99999.00,99999.00,99999.00,99999.00,99999.00,99999.00,99999.00,99999.00,99999.00,99999.00,99999.00,99999.00,99999.00,99999.00,99999.00,99999.00,99999.00,99999.00,99999.00,99999.00,99999.00,99999.00,99999.00,99999.00,99999.00,  70.89,  47.06,  23.57,   0.00,99999.00,99999.00,99999.00,99999.00,99999.00,99999.00,99999.00,99999.00,99999.00,99999.00,99999.00,99999.00,99999.00,99999.00,99999.00,99999.00,99999.00,99999.00,99999.00,99999.00,99999.00,99999.00,99999.00,99999.00,99999.00,99999.00,99999.00,99999.00,99999.00,99999.00,99999.00,99999.00,99999.00,99999.00,99999.00,99999.00,99999.00,99999.00,99999.00,99999.00,99999.00,99999.00,99999.00,99999.00,99999.00,99999.00,99999.00,99999.00,99999.00,99999.00,99999.00,99999.00,99999.00,99999.00,99999.00,99999.00,99999.00,99999.00,99999.00,99999.00,99999.00,99999.00,99999.00,99999.00,99999.00,99999.00,99999.00
99999.00,99999.00,99999.00,99999.00,99999.00,99999.00,99999.00,99999.00,99999.00,99999.00,99999.00,99999.00,99999.00,99999.00,99999.00, 899.42, 880.53, 862.72, 845.73, 829.38, 813.52, 798.05, 782.88, 767.93, 753.14, 738.45, 724.20, 709.71, 695.13, 680.48, 665.78, 651.05, 636.26, 621.32, 606.02, 590.33,99999.00,99999.00,99999.00,99999.00,99999.00,99999.00,99999.00,99999.00,99999.00,99999.00,99999.00,99999.00,99999.00,99999.00,99999.00,99999.00,99999.00,99999.00,99999.00,99999.00,99999.00,99999.00,99999.00,99999.00,  93.24,  69.81,  46.60,  23.43,   0.00,99999.00,99999.00,99999.00,99999.00,99999.00,99999.00,99999.00,99999.00,99999.00,99999.00,99999.00,99999.00,99999.00,99999.00,99999.00,99999.00,99999.00,99999.00,99999.00,99999.00,99999.00,99999.00,99999.00,99999.00,99999.00,99999.00,99999.00,99999.00,99999.00,99999.00,99999.00,99999.00,99999.00,99999.00,99999.00,99999.00,99999.00,99999.00,99999.00,99999.00,99999.00,99999.00,99999.00,99999.00,99999.00,99999.00,99999.00,99999.00,99999.00,99999.00,99999.00,99999.00,99999.00,99999.00,99999.00,99999.00,99999.00,99999.00,99999.00,99999.00,99999.00,99999.00,99999.00,99999.00,99999.00,99999.00,99999.00
99999.00,99999.00,99999.00,99999.00,99999.00,99999.00,99999.00,99999.00,99999.00,99999.00,99999.00,99999.00,99999.00,99999.00,99999.00, 899.71, 880.47, 862.30, 844.96, 828.26, 812.06, 796.26, 780.76, 765.49, 750.39, 735.39, 720.45, 705.68, 690.76, 675.53, 660.11, 644.50, 628.71, 612.73, 596.50, 579.90, 562.72, 545.03, 526.76, 508.41, 490.05, 471.70, 453.22, 434.21, 415.19, 396.18, 377.10, 358.03, 338.97, 319.81, 300.57, 281.23, 261.58, 241.57, 221.81, 201.16, 179.87, 158.24, 136.25, 113.88,  91.34,  68.75,  46.10,  23.25,   0.00,99999.00,99999.00,99999.00,99999.00,99999.00,99999.00,99999.00,99999.00,99999.00,99999.00,99999.00,99999.00,99999.00,99999.00,99999.00,99999.00,99999.00,99999.00,99999.00,99999.00,99999.00,99999.00,99999.00,99999.00,99999.00,99999.00,99999.00,99999.00,99999.00,99999.00,99999.00,99999.00,99999.00,99999.00,99999.00,99999.00,99999.00,99999.00,99999.00,99999.00,99999.00,99999.00,99999.00,99999.00,99999.00,99999.00,99999.00,99999.00,99999.00,99999.00,99999.00,99999.00,99999.00,99999.00,99999.00,99999.00,99999.00,99999.00,99999.00,99999.00,99999.00,99999.00,99999.00,99999.00,99999.00,99999.00,99999.00
99999.00,99999.00,99999.00,99999.00,99999.00,99999.00,99999.00,99999.00,99999.00,99999.00,99999.00,99999.00,99999.00,99999.00,99999.00, 901.00, 881.35, 862.78, 845.04, 827.94, 811.35, 795.16, 779.29, 763.65, 748.19, 732.84, 717.57, 702.31, 687.02, 671.56, 655.87, 639.78, 623.40, 606.72, 589.74, 572.46, 554.85, 536.91, 518.60, 500.25, 481.89, 463.54, 445.18, 426.83, 408.35, 389.34, 370.33, 351.31, 332.23, 313.07, 293.81, 274.46, 255.00, 235.45, 215.58, 195.40, 174.93, 154.14, 133.01, 111.52,  89.77,  67.80,  45.61,  23.07,   0.00,99999.00,99999.00,99999.00,99999.00,99999.00,99999.00,99999.00,99999.00,99999.00,99999.00,99999.00,99999.00,99999.00,99999.00,99999.00,99999.00,99999.00,99999.00,99999.00,99999.00,99999.00,99999.00,99999.00,99999.00,99999.00,99999.00,99999.00,99999.00,99999.00,99999.00,99999.00,99999.00,99999.00,99999.00,99999.00,99999.00,99999.00,99999.00,99999.00,99999.00,99999.00,99999.00,99999.00,99999.00,99999.00,99999.00,99999.00,99999.00,99999.00,99999.00,99999.00,99999.00,99999.00,99999.00,99999.00,99999.00,99999.00,99999.00,99999.00,99999.00,99999.00,99999.00,99999.00,99999.00,99999.00,99999.00,99999.00
99999.00,99999.00,99999.00,99999.00,99999.00,99999.00,99999.00,99999.00,99999.00,99999.00,99999.00,99999.00,99999.00,99999.00,99999.00, 903.40, 883.28, 864.24, 846.03, 828.47, 811.42, 794.78, 778.45, 762.38, 746.49, 730.74, 715.07, 699.44, 683.80, 668.12, 652.13, 635.91, 619.39, 602.39, 585.04, 567.34, 549.35, 531.14, 512.80, 494.44, 476.09, 457.73, 439.38, 421.02, 402.67, 384.31, 365.96, 347.60, 329.16, 310.64, 292.02, 273.30, 254.48, 235.33, 215.87, 196.13, 176.13, 155.85, 135.27, 114.35,  93.14,  71.64,  49.81,  32.39,  23.82,99999.00,99999.00,99999.00,99999.00,99999.00,99999.00,99999.00,99999.00,99999.00,99999.00,99999.00,99999.00,99999.00,99999.00,99999.00,99999.00,99999.00,99999.00,99999.00,99999.00,99999.00,99999.00,99999.00,99999.00,99999.00,99999.00,99999.00,99999.00,99999.00,99999.00,99999.00,99999.00,99999.00,99999.00,99999.00,99999.00,99999.00,99999.00,99999.00,99999.00,99999.00,99999.00,99999.00,99999.00,99999.00,99999.00,99999.00,99999.00,99999.00,99999.00,99999.00,99999.00,99999.00,99999.00,99999.00,99999.00,99999.00,99999.00,99999.00,99999.00,99999.00,99999.00,99999.00,99999.00,99999.00,99999.00,99999.00
99999.00,99999.00,99999.00,99999.00,99999.00,99999.00,99999.00,99999.00,99999.00,99999.00,99999.00,99999.00,99999.00,99999.00,99999.00, 907.44, 886.74, 867.13, 848.36, 830.24, 812.64, 795.45, 778.60, 762.00, 745.60, 729.34, 713.19, 697.09, 681.02, 664.93, 648.79, 632.37, 615.67, 598.69, 581.42, 563.89, 546.15, 528.24, 510.24, 492.24, 474.23, 456.22, 438.22, 420.21, 402.20, 384.20, 366.19, 348.17, 330.07, 311.87, 293.58, 275.20, 256.49, 237.45, 218.13, 198.56, 178.78, 158.78, 138.52, 117.97,  97.12,  80.28,  63.58,  50.88,  47.56,99999.00,99999.00,99999.00,99999.00,99999.00,99999.00,99999.00,99999.00,99999.00,99999.00,99999.00,99999.00,99999.00,99999.00,99999.00,99999.00,99999.00,99999.00,99999.00,99999.00,99999.00,99999.00,99999.00,99999.00,99999.00,99999.00,99999.00,99999.00,99999.00,99999.00,99999.00,99999.00,99999.00,99999.00,99999.00,99999.00,99999.00,99999.00,99999.00,99999.00,99999.00,99999.00,99999.00,99999.00,99999.00,99999.00,99999.00,99999.00,99999.00,99999.00,99999.00,99999.00,99999.00,99999.00,99999.00,99999.00,99999.00,99999.00,99999.00,99999.00,99999.00,99999.00,99999.00,99999.00,99999.00,99999.00,99999.00
99999.00,99999.00,99999.00,99999.00,99999.00,99999.00,99999.00,99999.00,99999.00,99999.00,99999.00,99999.00,99999.00,99999.00,99999.00, 914.99, 893.76, 873.77, 854.69, 836.33, 818.54, 801.18, 784.18, 767.45, 750.94, 734.58, 718.33, 702.14, 685.98, 669.59, 652.98, 636.30, 619.38, 602.22, 584.84, 567.26, 549.51, 531.64, 513.70, 495.76, 477.81, 459.87, 441.93, 423.98, 406.04, 388.09, 370.15, 352.18, 334.13, 315.98, 297.94, 279.44, 260.58, 241.40, 221.96, 202.34, 182.57, 162.67, 142.58, 126.25, 109.85,  93.74,  81.29,  73.49,  71.20,99999.00,99999.00,99999.00,99999.00,99999.00,99999.00,99999.00,99999.00,99999.00,99999.00,99999.00,99999.00,99999.00,99999.00,99999.00,99999.00,99999.00,99999.00,99999.00,99999.00,99999.00,99999.00,99999.00,99999.00,99999.00,99999.00,99999.00,99999.00,99999.00,99999.00,99999.00,99999.00,99999.00,99999.00,99999.00,99999.00,99999.00,99999.00,99999.00,99999.00,99999.00,99999.00,99999.00,99999.00,99999.00,99999.00,99999.00,99999.00,99999.00,99999.00,99999.00,99999.00,99999.00,99999.00,99999.00,99999.00,99999.00,99999.00,99999.00,99999.00,99999.00,99999.00,99999.00,99999.00,99999.00,99999.00,99999.00
99999.00,99999.00,99999.00,99999.00,99999.00,99999.00,99999.00,99999.00,99999.00,99999.00,99999.00,99999.00,99999.00,99999.00,99999.00, 923.62, 902.08, 881.84, 862.55, 844.01, 826.05, 808.55, 791.41, 774.56, 757.92, 741.43, 725.05, 708.52, 691.82, 675.11, 658.19, 641.07, 624.13, 606.95, 589.56, 571.98, 554.25, 536.41, 518.48, 500.54, 482.59, 464.65, 446.71, 428.76, 410.82, 392.85, 374.87, 356.92, 339.09, 321.21, 303.02, 284.55, 265.84, 246.64, 227.02, 207.12, 187.20, 170.92, 154.82, 138.74, 123.05, 110.85,  99.40,  95.96,  94.74,99999.00,99999.00,99999.00,99999.00,99999.00,99999.00,99999.00,99999.00,99999.00,99999.00,99999.00,99999.00,99999.00,99999.00,99999.00,99999.00,99999.00,99999.00,99999.00,99999.00,99999.00,99999.00,99999.00,99999.00,99999.00,99999.00,99999.00,99999.00,99999.00,99999.00,99999.00,99999.00,99999.00,99999.00,99999.00,99999.00,99999.00,99999.00,99999.00,99999.00,99999.00,99999.00,99999.00,99999.00,99999.00,99999.00,99999.00,99999.00,99999.00,99999.00,99999.00,99999.00,99999.00,99999.00,99999.00,99999.00,99999.00,99999.00,99999.00,99999.00,99999.00,99999.00,99999.00,99999.00,99999.00,99999.00,99999.00
99999.00,99999.00,99999.00,99999.00,99999.00,99999.00,99999.00,99999.00,99999.00,99999.00,99999.00,99999.00,99999.00,99999.00,99999.00, 934.34, 912.59, 892.14, 872.69, 853.99, 835.87, 818.23, 800.94, 783.93, 767.12, 750.26, 733.30, 716.41, 699.36, 682.14, 665.14, 647.93, 630.52, 613.27, 595.83, 578.23, 560.46, 542.60, 524.67, 506.72, 488.78, 470.84, 452.89, 434.92, 416.94, 398.99, 381.24, 363.57, 345.97, 328.13, 310.08, 291.61, 272.67, 252.96, 232.82, 215.84, 199.38, 183.22, 167.23, 151.77, 139.75, 128.20, 120.95, 118.29, 118.16,99999.00,99999.00,99999.00,99999.00,99999.00,99999.00,99999.00,99999.00,99999.00,99999.00,99999.00,99999.00,99999.00,99999.00,99999.00,99999.00,99999.00,99999.00,99999.00,99999.00,99999.00,99999.00,99999.00,99999.00,99999.00,99999.00,99999.00,99999.00,99999.00,99999.00,99999.00,99999.00,99999.00,99999.00,99999.00,99999.00,99999.00,99999.00,99999.00,99999.00,99999.00,99999.00,99999.00,99999.00,99999.00,99999.00,99999.00,99999.00,99999.00,99999.00,99999.00,99999.00,99999.00,99999.00,99999.00,99999.00,99999.00,99999.00,99999.00,99999.00,99999.00,99999.00,99999.00,99999.00,99999.00,99999.00,99999.00
99999.00,99999.00,99999.00,99999.00,99999.00,99999.00,99999.00,99999.00,99999.00,99999.00,99999.00,99999.00,99999.00,99999.00,99999.00,99999.00,99999.00,99999.00,99999.00,99999.00,99999.00,99999.00,99999.00,99999.00,99999.00,99999.00,99999.00,99999.00,99999.00,99999.00,99999.00,99999.00,99999.00,99999.00,99999.00,99999.00,99999.00,99999.00,99999.00,99999.00,99999.00,99999.00,99999.00,99999.00,99999.00,99999.00,99999.00,99999.00,99999.00,99999.00,99999.00,99999.00,99999.00,99999.00, 245.77, 228.68, 212.03, 195.75, 180.23, 168.24, 156.56, 145.96, 142.33, 140.47, 141.45,99999.00,99999.00,99999.00,99999.00,99999.00,99999.00,99999.00,99999.00,99999.00,99999.00,99999.00,99999.00,99999.00,99999.00,99999.00,99999.00,99999.00,99999.00,99999.00,99999.00,99999.00,99999.00,99999.00,99999.00,99999.00,99999.00,99999.00,99999.00,99999.00,99999.00,99999.00,99999.00,99999.00,99999.00,99999.00,99999.00,99999.00,99999.00,99999.00,99999.00,99999.00,99999.00,99999.00,99999.00,99999.00,99999.00,99999.00,99999.00,99999.00,99999.00,99999.00,99999.00,99999.00,99999.00,99999.00,99999.00,99999.00,99999.00,99999.00,99999.00,99999.00,99999.00,99999.00,99999.00,99999.00,99999.00,99999.00
99999.00,99999.00,99999.00,99999.00,99999.00,99999.00,99999.00,99999.00,99999.00,99999.00,99999.00,99999.00,99999.00,99999.00,99999.00,99999.00,99999.00,99999.00,99999.00,99999.00,99999.00,99999.00,99999.00,99999.00,99999.00,99999.00,99999.00,99999.00,99999.00,99999.00,99999.00,99999.00,99999.00,99999.00,99999.00,99999.00,99999.00,99999.00,99999.00,99999.00,99999.00,99999.00,99999.00,99999.00,99999.00,99999.00,99999.00,99999.00,99999.00,99999.00,99999.00,99999.00,99999.00,99999.00,99999.00, 242.12, 224.94, 208.86, 196.65, 184.70, 173.57, 166.61, 163.53, 162.46, 164.54,99999.00,99999.00,99999.00,99999.00,99999.00,99999.00,99999.00,99999.00,99999.00,99999.00,99999.00,99999.00,99999.00,99999.00,99999.00,99999.00,99999.00,99999.00,99999.00,99999.00,99999.00,99999.00,99999.00,99999.00,99999.00,99999.00,99999.00,99999.00,99999.00,99999.00,99999.00,99999.00,99999.00,99999.00,99999.00,99999.00,99999.00,99999.00,99999.00,99999.00,99999.00,99999.00,99999.00,99999.00,99999.00,99999.00,99999.00,99999.00,99999.00,99999.00,99999.00,99999.00,99999.00,99999.00,99999.00,99999.00,99999.00,99999.00,99999.00,99999.00,99999.00,99999.00,99999.00,99999.00,99999.00,99999.00,99999.00
99999.00,99999.00,99999.00,99999.00,99999.00,99999.00,99999.00,99999.00,99999.00,99999.00,99999.00,99999.00,99999.00,99999.00,99999.00,99999.00,99999.00,99999.00,99999.00,99999.00,99999.00,99999.00,99999.00,99999.00,99999.00,99999.00,99999.00,99999.00,99999.00,99999.00,99999.00,99999.00,99999.00,99999.00,99999.00,99999.00,99999.00,99999.00,99999.00,99999.00,99999.00,99999.00,99999.00,99999.00,99999.00,99999.00,99999.00,99999.00,99999.00,99999.00,99999.00,99999.00,99999.00,99999.00,99999.00,99999.00, 238.31, 225.30, 212.93, 201.12, 190.84, 187.00, 184.44, 184.11, 187.21,99999.00,99999.00,99999.00,99999.00,99999.00,99999.00,99999.00,99999.00,99999.00,99999.00,99999.00,99999.00,99999.00,99999.00,99999.00,99999.00,99999.00,99999.00,99999.00,99999.00,99999.00,99999.00,99999.00,99999.00,99999.00,99999.00,99999.00,99999.00,99999.00,99999.00,99999.00,99999.00,99999.00,99999.00,99999.00,99999.00,99999.00,99999.00,99999.00,99999.00,99999.00,99999.00,99999.00,99999.00,99999.00,99999.00,99999.00,99999.00,99999.00,99999.00,99999.00,99999.00,99999.00,99999.00,99999.00,99999.00,99999.00,99999.00,99999.00,99999.00,99999.00,99999.00,99999.00,99999.00,99999.00,99999.00,99999.00
99999.00,99999.00,99999.00,99999.00,99999.00,99999.00,99999.00,99999.00,99999.00,99999.00,99999.00,99999.00,99999.00,99999.00,99999.00,99999.00,99999.00,99999.00,99999.00,99999.00,99999.00,99999.00,99999.00,99999.00,99999.00,99999.00,99999.00,99999.00,99999.00,99999.00,99999.00,99999.00,99999.00,99999.00,99999.00,99999.00,99999.00,99999.00,99999.00,99999.00,99999.00,99999.00,99999.00,99999.00,99999.00,99999.00,99999.00,99999.00,99999.00,99999.00,99999.00,99999.00,99999.00,99999.00,99999.00,99999.00, 254.72, 241.37, 228.91, 217.54, 210.60, 207.04, 204.94, 205.28, 209.28, 216.55,99999.00,99999.00,99999.00,99999.00,99999.00,99999.00,99999.00,99999.00,99999.00,99999.00,99999.00,99999.00,99999.00,99999.00,99999.00,99999.00,99999.00,99999.00,99999.00,99999.00,99999.00,99999.00,99999.00,99999.00,99999.00,99999.00,99999.00,99999.00,99999.00,99999.00,99999.00,99999.00,99999.00,99999.00,99999.00,99999.00,99999.00,99999.00,99999.00,99999.00,99999.00,99999.00,99999.00,99999.00,99999.00,99999.00,99999.00,99999.00,99999.00,99999.00,99999.00,99999.00,99999.00,99999.00,99999.00,99999.00,99999.00,99999.00,99999.00,99999.00,99999.00,99999.00,99999.00,99999.00,99999.00,99999.00
99999.00,99999.00,99999.00,99999.00,99999.00,99999.00,99999.00,99999.00,99999.00,99999.00,99999.00,99999.00,99999.00,99999.00,99999.00,99999.00,99999.00,99999.00,99999.00,99999.00,99999.00,99999.00,99999.00,99999.00,99999.00,99999.00,99999.00,99999.00,99999.00,99999.00,99999.00,99999.00,99999.00,99999.00,99999.00,99999.00,99999.00,99999.00,99999.00,99999.00,99999.00,99999.00,99999.00,99999.00,99999.00,99999.00,99999.00,99999.00,99999.00,99999.00,99999.00,99999.00,99999.00,99999.00,99999.00,99999.00, 270.42, 256.93, 244.59, 234.02, 229.97, 226.65, 224.95, 225.87, 230.63, 237.10,99999.00,99999.00,99999.00,99999.00,99999.00,99999.00,99999.00,99999.00,99999.00,99999.00,99999.00,99999.00,99999.00,99999.00,99999.00,99999.00,99999.00,99999.00,99999.00,99999.00,99999.00,99999.00,99999.00,99999.00,99999.00,99999.00,99999.00,99999.00,99999.00,99999.00,99999.00,99999.00,99999.00,99999.00,99999.00,99999.00,99999.00,99999.00,99999.00,99999.00,99999.00,99999.00,99999.00,99999.00,99999.00,99999.00,99999.00,99999.00,99999.00,99999.00,99999.00,99999.00,99999.00,99999.00,99999.00,99999.00,99999.00,99999.00,99999.00,99999.00,99999.00,99999.00,99999.00,99999.00,99999.00,99999.00
99999.00,99999.00,99999.00,99999.00,99999.00,99999.00,99999.00,99999.00,99999.00,99999.00,99999.00,99999.00,99999.00,99999.00,99999.00,99999.00,99999.00,99999.00,99999.00,99999.00,99999.00,99999.00,99999.00,99999.00,99999.00,99999.00,99999.00,99999.00,99999.00,99999.00,99999.00,99999.00,99999.00,99999.00,99999.00,99999.00,99999.00,99999.00,99999.00,99999.00,99999.00,99999.00,99999.00,99999.00,99999.00,99999.00,99999.00,99999.00,99999.00,99999.00,99999.00,99999.00,99999.00,99999.00,99999.00,99999.00, 285.53, 272.15, 260.23, 252.93, 248.93, 245.79, 244.44, 245.83, 251.22, 257.03, 266.29, 289.00,99999.00,99999.00,99999.00,99999.00,99999.00,99999.00,99999.00,99999.00,99999.00,99999.00,99999.00,99999.00,99999.00,99999.00,99999.00,99999.00,99999.00,99999.00,99999.00,99999.00,99999.00,99999.00,99999.00,99999.00,99999.00,99999.00,99999.00,99999.00,99999.00,99999.00,99999.00,99999.00,99999.00,99999.00,99999.00,99999.00,99999.00,99999.00,99999.00,99999.00,99999.00,99999.00,99999.00,99999.00,99999.00,99999.00,99999.00,99999.00,99999.00,99999.00,99999.00,99999.00,99999.00,99999.00,99999.00,99999.00,99999.00,99999.00,99999.00,99999.00,99999.00,99999.00,99999.00,99999.00
99999.00,99999.00,99999.00,99999.00,99999.00,99999.00,99999.00,99999.00,99999.00,99999.00,99999.00,99999.00,99999.00,99999.00,99999.00,99999.00,99999.00,99999.00,99999.00,99999.00,99999.00,99999.00,99999.00,99999.00,99999.00,99999.00,99999.00,99999.00,99999.00,99999.00,99999.00,99999.00,99999.00,99999.00,99999.00,99999.00,99999.00,99999.00,99999.00,99999.00,99999.00,99999.00,99999.00,99999.00,99999.00,99999.00,99999.00,99999.00,99999.00,99999.00,99999.00,99999.00,99999.00,99999.00,99999.00,99999.00, 300.32, 287.32, 275.91, 271.44, 267.46, 264.47, 263.38, 265.16, 270.22, 276.35, 284.36, 297.22, 316.85, 340.17, 364.19, 389.20,99999.00,99999.00,99999.00,99999.00,99999.00,99999.00,99999.00,99999.00,99999.00,99999.00,99999.00,99999.00,99999.00,99999.00,99999.00,99999.00,99999.00,99999.00,99999.00,99999.00,1027.58,1025.36,1027.09,1030.96,1036.65,1043.20,1050.75,1059.36,1069.22,1079.81,1091.35,1103.55,1116.86,1132.45,99999.00,99999.00,99999.00,99999.00,99999.00,99999.00,99999.00,99999.00,99999.00,99999.00,99999.00,99999.00,99999.00,99999.00,99999.00,99999.00,99999.00,99999.00,99999.00,99999.00,99999.00,99999.00,99999.00,99999.00,99999.00,99999.00
99999.00,99999.00,99999.00,99999.00,99999.00,99999.00,99999.00,99999.00,99999.00,99999.00,99999.00,99999.00,99999.00,99999.00,99999.00,99999.00,99999.00,99999.00,99999.00,99999.00,99999.00,99999.00,99999.00,99999.00,99999.00,99999.00,99999.00,99999.00,99999.00,99999.00,99999.00,99999.00,99999.00,99999.00,99999.00,99999.00,99999.00,99999.00,99999.00,99999.00,99999.00,99999.00,99999.00,99999.00,99999.00,99999.00,99999.00,99999.00,99999.00,99999.00,99999.00,99999.00,99999.00,99999.00,99999.00,99999.00, 315.06, 302.33, 294.03, 289.54, 285.57, 282.66, 281.78, 283.88, 288.59, 295.07, 302.11, 312.69, 327.44, 346.42, 367.63, 391.33,99999.00,99999.00,99999.00,99999.00,99999.00,99999.00,99999.00,99999.00,99999.00,99999.00,99999.00,99999.00,99999.00,99999.00,99999.00,99999.00,99999.00,99999.00,99999.00,99999.00,1003.04,1001.87,1004.32,1008.69,1014.82,1021.97,1029.94,1039.24,1049.19,1059.94,1071.34,1083.63,1097.76,1113.83,99999.00,99999.00,99999.00,99999.00,99999.00,99999.00,99999.00,99999.00,99999.00,99999.00,99999.00,99999.00,99999.00,99999.00,99999.00,99999.00,99999.00,99999.00,99999.00,99999.00,99999.00,99999.00,99999.00,99999.00,99999.00,99999.00
99999.00,99999.00,99999.00,99999.00,99999.00,99999.00,99999.00,99999.00,99999.00,99999.00,99999.00,99999.00,99999.00,99999.00,99999.00,99999.00,99999.00,99999.00,99999.00,99999.00,99999.00,99999.00,99999.00,99999.00,99999.00,99999.00,99999.00,99999.00,99999.00,99999.00,99999.00,99999.00,99999.00,99999.00,99999.00,99999.00,99999.00,99999.00,99999.00,99999.00,99999.00,99999.00,99999.00,99999.00,99999.00,99999.00,99999.00,99999.00,99999.00,99999.00,99999.00,99999.00,99999.00,99999.00,99999.00,99999.00, 329.64, 317.29, 311.76, 307.22, 303.26, 300.39, 299.66, 302.01, 306.43, 312.38, 319.51, 328.64, 341.46, 357.05, 375.84, 397.05,99999.00,99999.00,99999.00,99999.00,99999.00,99999.00,99999.00,99999.00,99999.00,99999.00,99999.00,99999.00,99999.00,99999.00,99999.00,99999.00,99999.00,99999.00,99999.00,99999.00, 979.72, 979.58, 982.75, 987.63, 994.66,1002.44,1011.06,1020.69,1030.79,1041.56,1053.13,1066.24,1080.85,1096.98,99999.00,99999.00,99999.00,99999.00,99999.00,99999.00,99999.00,99999.00,99999.00,99999.00,99999.00,99999.00,99999.00,99999.00,99999.00,99999.00,99999.00,99999.00,99999.00,99999.00,99999.00,99999.00,99999.00,99999.00,99999.00,99999.00
99999.00,99999.00,99999.00,99999.00,99999.00,99999.00,99999.00,99999.00,99999.00,99999.00,99999.00,99999.00,99999.00,99999.00,99999.00,99999.00,99999.00,99999.00,99999.00,99999.00,99999.00,99999.00,99999.00,99999.00,99999.00,99999.00,99999.00,99999.00,99999.00,99999.00,99999.00,99999.00,99999.00,99999.00,99999.00,99999.00,99999.00,99999.00,99999.00,99999.00,99999.00,99999.00,99999.00,99999.00,99999.00,99999.00,99999.00,99999.00,99999.00,99999.00,99999.00,99999.00,99999.00,99999.00,99999.00,99999.00, 344.18, 334.70, 329.08, 324.48, 320.54, 317.67, 317.05, 319.58, 323.77, 329.21, 336.55, 344.57, 356.19, 369.82, 386.41, 405.72,99999.00,99999.00,99999.00,99999.00,99999.00,99999.00,99999.00,99999.00,99999.00,99999.00,99999.00,99999.00,99999.00,99999.00,99999.00,99999.00,99999.00,99999.00,99999.00,99999.00, 957.35, 958.25, 962.15, 968.51, 976.14, 984.34, 993.64,1003.35,1013.62,1024.70,1037.09,1050.68,1065.35,1082.01,99999.00,99999.00,99999.00,99999.00,99999.00,99999.00,99999.00,99999.00,99999.00,99999.00,99999.00,99999.00,99999.00,99999.00,99999.00,99999.00,99999.00,99999.00,99999.00,99999.00,99999.00,99999.00,99999.00,99999.00,99999.00,99999.00
99999.00,99999.00,99999.00,99999.00,99999.00,99999.00,99999.00,99999.00,99999.00,99999.00,99999.00,99999.00,99999.00,99999.00,99999.00,99999.00,99999.00,99999.00,99999.00,99999.00,99999.00,99999.00,99999.00,99999.00,99999.00,99999.00,99999.00,99999.00,99999.00,99999.00,99999.00,99999.00,99999.00,99999.00,99999.00,99999.00,99999.00,99999.00,99999.00,99999.00,99999.00,99999.00,99999.00,99999.00,99999.00,99999.00,99999.00,99999.00,99999.00,99999.00,99999.00,99999.00,99999.00,99999.00,99999.00,99999.00, 359.15, 351.73, 346.01, 341.36, 337.42, 334.52, 333.96, 336.64, 340.63, 345.67, 352.37, 360.39, 370.55, 383.48, 398.12, 416.13,99999.00,99999.00,99999.00,99999.00,99999.00,99999.00,99999.00,99999.00,99999.00,99999.00,99999.00,99999.00,99999.00,99999.00,99999.00,99999.00,99999.00,99999.00,99999.00,99999.00, 935.77, 937.71, 942.68, 950.48, 958.74, 967.59, 977.22, 987.09, 997.87,1009.77,1022.65,1036.30,1051.48,1068.32,99999.00,99999.00,99999.00,99999.00,99999.00,99999.00,99999.00,99999.00,99999.00,99999.00,99999.00,99999.00,99999.00,99999.00,99999.00,99999.00,99999.00,99999.00,99999.00,99999.00,99999.00,99999.00,99999.00,99999.00,99999.00,99999.00
99999.00,99999.00,99999.00,99999.00,99999.00,99999.00,99999.00,99999.00,99999.00,99999.00,99999.00,99999.00,99999.00,99999.00,99999.00,99999.00,99999.00,99999.00,99999.00,99999.00,99999.00,99999.00,99999.00,99999.00,99999.00,99999.00,99999.00,99999.00,99999.00,99999.00,99999.00,99999.00,99999.00,99999.00,99999.00,99999.00,99999.00,99999.00,99999.00,99999.00,99999.00,99999.00,99999.00,99999.00,99999.00,99999.00,99999.00,99999.00,99999.00,99999.00,99999.00,99999.00,99999.00,99999.00,99999.00,99999.00, 375.92, 368.37, 362.54, 357.85, 353.92, 350.96, 350.42, 353.21, 357.03, 361.75, 367.87, 376.02, 385.03, 396.91, 410.86, 426.92,99999.00,99999.00,99999.00,99999.00,99999.00,99999.00,99999.00,99999.00,99999.00,99999.00,99999.00,99999.00,99999.00,99999.00,99999.00,99999.00,99999.00,99999.00,99999.00,99999.00, 914.84, 917.82, 925.31, 933.71, 942.40, 951.92, 961.64, 972.27, 983.87, 996.25,1009.19,1023.36,1038.72,1055.91,99999.00,99999.00,99999.00,99999.00,99999.00,99999.00,99999.00,99999.00,99999.00,99999.00,99999.00,99999.00,99999.00,99999.00,99999.00,99999.00,99999.00,99999.00,99999.00,99999.00,99999.00,99999.00,99999.00,99999.00,99999.00,99999.00
99999.00,99999.00,99999.00,99999.00,99999.00,99999.00,99999.00,99999.00,99999.00,99999.00,99999.00,99999.00,99999.00,99999.00,99999.00,99999.00,99999.00,99999.00,99999.00,99999.00,99999.00,99999.00,99999.00,99999.00,99999.00,99999.00,99999.00,99999.00,99999.00,99999.00,99999.00,99999.00,99999.00,99999.00,99999.00,99999.00,99999.00,99999.00,99999.00,99999.00,99999.00,99999.00,99999.00,99999.00,99999.00,99999.00,99999.00,99999.00,99999.00,99999.00,99999.00,99999.00,99999.00,99999.00,99999.00,99999.00, 392.33, 384.63, 378.71, 373.97, 370.06, 367.00, 366.47, 369.33, 373.02, 377.48, 383.13, 390.59, 399.57, 410.57, 423.47, 438.85,99999.00,99999.00,99999.00,99999.00,99999.00,99999.00,99999.00,99999.00,99999.00,99999.00,99999.00,99999.00,99999.00,99999.00,99999.00,99999.00,99999.00,99999.00,99999.00,99999.00, 894.48, 899.82, 908.75, 917.78, 927.12, 936.98, 947.61, 959.06, 971.14, 983.59, 997.04,1011.39,1027.10,1044.31,99999.00,99999.00,99999.00,99999.00,99999.00,99999.00,99999.00,99999.00,99999.00,99999.00,99999.00,99999.00,99999.00,99999.00,99999.00,99999.00,99999.00,99999.00,99999.00,99999.00,99999.00,99999.00,99999.00,99999.00,99999.00,99999.00
99999.00,99999.00,99999.00,99999.00,99999.00,99999.00,99999.00,99999.00,99999.00,99999.00,99999.00,99999.00,99999.00,99999.00,99999.00,99999.00,99999.00,99999.00,99999.00,99999.00,99999.00,99999.00,99999.00,99999.00,99999.00,99999.00,99999.00,99999.00,99999.00,99999.00,99999.00,99999.00,99999.00,99999.00,99999.00,99999.00,99999.00,99999.00,99999.00,99999.00,99999.00,99999.00,99999.00,99999.00,99999.00,99999.00,99999.00,99999.00,99999.00,99999.00,99999.00,99999.00,99999.00,99999.00,99999.00,99999.00, 408.36, 400.52, 394.51, 389.74, 385.85, 382.67, 382.12, 385.04, 388.59, 392.83, 398.12, 404.96, 414.04, 424.23, 436.37, 450.69,99999.00,99999.00,99999.00,99999.00,99999.00,99999.00,99999.00,99999.00,99999.00,99999.00,99999.00,99999.00,99999.00,99999.00,99999.00,99999.00,99999.00,99999.00,99999.00,99999.00, 874.59, 883.70, 893.23, 902.69, 912.86, 923.63, 935.08, 947.02, 959.16, 972.12, 985.76,1000.45,1016.19,1033.35,99999.00,99999.00,99999.00,99999.00,99999.00,99999.00,99999.00,99999.00,99999.00,99999.00,99999.00,99999.00,99999.00,99999.00,99999.00,99999.00,99999.00,99999.00,99999.00,99999.00,99999.00,99999.00,99999.00,99999.00,99999.00,99999.00
99999.00,99999.00,99999.00,99999.00,99999.00,99999.00,99999.00,99999.00,99999.00,99999.00,99999.00,99999.00,99999.00,99999.00,99999.00,99999.00,99999.00,99999.00,99999.00,99999.00,99999.00,99999.00,99999.00,99999.00,99999.00,99999.00,99999.00,99999.00,99999.00,99999.00,99999.00,99999.00,99999.00,99999.00,99999.00,99999.00,99999.00,99999.00,99999.00,99999.00,99999.00,99999.00,99999.00,99999.00,99999.00,99999.00,99999.00,99999.00,99999.00,99999.00,99999.00,99999.00,99999.00,99999.00,99999.00,99999.00, 424.02, 416.05, 409.96, 405.16, 401.29, 397.98, 397.38, 400.33, 403.74, 407.78, 412.74, 419.06, 427.38, 437.46, 449.12, 462.53,99999.00,99999.00,99999.00,99999.00,99999.00,99999.00,99999.00,99999.00,99999.00,99999.00,99999.00,99999.00,99999.00,99999.00,99999.00,99999.00,99999.00,99999.00,99999.00,99999.00, 857.68, 868.22, 878.39, 889.04, 900.12, 911.72, 923.65, 935.64, 948.30, 961.45, 975.43, 990.15,1005.84,1022.88,99999.00,99999.00,99999.00,99999.00,99999.00,99999.00,99999.00,99999.00,99999.00,99999.00,99999.00,99999.00,99999.00,99999.00,99999.00,99999.00,99999.00,99999.00,99999.00,99999.00,99999.00,99999.00,99999.00,99999.00,99999.00,99999.00
99999.00,99999.00,99999.00,99999.00,99999.00,99999.00,99999.00,99999.00,99999.00,99999.00,99999.00,99999.00,99999.00,99999.00,99999.00,99999.00,99999.00,99999.00,99999.00,99999.00,99999.00,99999.00,99999.00,99999.00,99999.00,99999.00,99999.00,99999.00,99999.00,99999.00,99999.00,99999.00,99999.00,99999.00,99999.00,99999.00,99999.00,99999.00,99999.00,99999.00,99999.00,99999.00,99999.00,99999.00,99999.00,99999.00,99999.00,99999.00,99999.00,99999.00,99999.00,99999.00,99999.00,99999.00,99999.00,99999.00, 439.32, 431.22, 425.06, 420.23, 416.40, 412.93, 412.25, 415.20, 418.46, 422.32, 426.99, 432.85, 440.45, 450.43, 461.29, 473.98, 488.75,99999.00,99999.00,99999.00,99999.00,99999.00,99999.00,99999.00,99999.00,99999.00,99999.00,99999.00,99999.00,99999.00,99999.00,99999.00,99999.00,99999.00,99999.00, 831.18, 843.00, 854.09, 865.40, 876.93, 888.81, 900.87, 912.85, 925.36, 938.19, 951.68, 965.68, 980.34, 995.92,1013.13,99999.00,99999.00,99999.00,99999.00,99999.00,99999.00,99999.00,99999.00,99999.00,99999.00,99999.00,99999.00,99999.00,99999.00,99999.00,99999.00,99999.00,99999.00,99999.00,99999.00,99999.00,99999.00,99999.00,99999.00,99999.00,99999.00
99999.00,99999.00,99999.00,99999.00,99999.00,99999.00,99999.00,99999.00,99999.00,99999.00,99999.00,99999.00,99999.00,99999.00,99999.00,99999.00,99999.00,99999.00,99999.00,99999.00,99999.00,99999.00,99999.00,99999.00,99999.00,99999.00,99999.00,99999.00,99999.00,99999.00,99999.00,99999.00,99999.00,99999.00,99999.00,99999.00,99999.00,99999.00,99999.00,99999.00,99999.00,99999.00,99999.00,99999.00,99999.00,99999.00,99999.00,99999.00,99999.00,99999.00,99999.00,99999.00,99999.00,99999.00,99999.00,99999.00, 454.25, 446.04, 439.80, 434.96, 431.00, 427.51, 426.75, 429.68, 432.78, 436.42, 440.81, 446.26, 453.20, 462.31, 473.17, 484.84, 498.50, 514.33,99999.00,99999.00,99999.00,99999.00,99999.00,99999.00,99999.00,99999.00,99999.00,99999.00,99999.00,99999.00,99999.00,99999.00,99999.00,99999.00, 804.51, 817.69, 829.81, 841.90, 854.00, 866.27, 878.57, 890.65, 903.12, 915.78, 928.95, 942.47, 956.42, 971.30, 987.36,1004.82,99999.00,99999.00,99999.00,99999.00,99999.00,99999.00,99999.00,99999.00,99999.00,99999.00,99999.00,99999.00,99999.00,99999.00,99999.00,99999.00,99999.00,99999.00,99999.00,99999.00,99999.00,99999.00,99999.00,99999.00,99999.00,99999.00
99999.00,99999.00,99999.00,99999.00,99999.00,99999.00,99999.00,99999.00,99999.00,99999.00,99999.00,99999.00,99999.00,99999.00,99999.00,99999.00,99999.00,99999.00,99999.00,99999.00,99999.00,99999.00,99999.00,99999.00,99999.00,99999.00,99999.00,99999.00,99999.00,99999.00,99999.00,99999.00,99999.00,99999.00,99999.00,99999.00,99999.00,99999.00,99999.00,99999.00,99999.00,99999.00,99999.00,99999.00,99999.00,99999.00,99999.00,99999.00,99999.00,99999.00,99999.00,99999.00,99999.00,99999.00,99999.00,99999.00, 468.83, 460.51, 454.21, 449.37, 445.20, 441.75, 440.86, 443.71, 446.69, 450.10, 454.22, 459.28, 465.70, 473.96, 484.01, 495.46, 507.79, 522.09, 536.63, 552.85, 569.99, 587.03, 603.96, 620.80, 637.59, 654.37, 670.95, 686.47, 702.05, 717.77, 733.62, 748.82, 763.87, 778.50, 792.72, 805.77, 818.64, 831.35, 844.08, 856.70, 868.97, 881.50, 894.37, 907.35, 920.48, 934.20, 948.61, 963.73, 979.73, 997.28,99999.00,99999.00,99999.00,99999.00,99999.00,99999.00,99999.00,99999.00,99999.00,99999.00,99999.00,99999.00,99999.00,99999.00,99999.00,99999.00,99999.00,99999.00,99999.00,99999.00,99999.00,99999.00,99999.00,99999.00,99999.00,99999.00
99999.00,99999.00,99999.00,99999.00,99999.00,99999.00,99999.00,99999.00,99999.00,99999.00,99999.00,99999.00,99999.00,99999.00,99999.00,99999.00,99999.00,99999.00,99999.00,99999.00,99999.00,99999.00,99999.00,99999.00,99999.00,99999.00,99999.00,99999.00,99999.00,99999.00,99999.00,99999.00,99999.00,99999.00,99999.00,99999.00,99999.00,99999.00,99999.00,99999.00,99999.00,99999.00,99999.00,99999.00,99999.00,99999.00,99999.00,99999.00,99999.00,99999.00,99999.00,99999.00,99999.00,99999.00,99999.00,99999.00, 483.06, 474.63, 468.29, 463.27, 459.05, 455.63, 454.60, 457.31, 460.25, 463.47, 467.34, 472.06, 477.92, 485.36, 494.66, 505.12, 516.99, 529.71, 542.88, 557.32, 571.65, 587.20, 602.65, 618.00, 633.30, 648.60, 663.96, 679.43, 695.02, 709.91, 724.73, 739.69, 754.67, 768.69, 782.53, 796.10, 809.55, 822.72, 835.36, 848.10, 860.99, 873.83, 886.61, 899.76, 913.34, 927.27, 941.62, 956.81, 973.10, 991.24,99999.00,99999.00,99999.00,99999.00,99999.00,99999.00,99999.00,99999.00,99999.00,99999.00,99999.00,99999.00,99999.00,99999.00,99999.00,99999.00,99999.00,99999.00,99999.00,99999.00,99999.00,99999.00,99999.00,99999.00,99999.00,99999.00
99999.00,99999.00,99999.00,99999.00,99999.00,99999.00,99999.00,99999.00,99999.00,99999.00,99999.00,99999.00,99999.00,99999.00,99999.00,99999.00,99999.00,99999.00,99999.00,99999.00,99999.00,99999.00,99999.00,99999.00,99999.00,99999.00,99999.00,99999.00,99999.00,99999.00,99999.00,99999.00,99999.00,99999.00,99999.00,99999.00,99999.00,99999.00,99999.00,99999.00,99999.00,99999.00,99999.00,99999.00,99999.00,99999.00,99999.00,99999.00,99999.00,99999.00,99999.00,99999.00,99999.00,99999.00,99999.00,99999.00, 497.04, 488.52, 482.14, 476.88, 472.66, 469.22, 468.04, 470.67, 473.52, 476.54, 480.09, 484.44, 489.79, 496.55, 505.12, 514.69, 525.41, 537.50, 549.63, 562.34, 575.29, 589.48, 603.58, 617.77, 631.92, 646.10, 660.36, 674.75, 689.26, 703.91, 718.62, 732.72, 746.93, 761.06, 775.11, 788.85, 801.99, 815.11, 828.25, 841.20, 853.94, 866.88, 880.07, 893.40, 906.88, 920.86, 935.48, 950.89, 967.74, 985.92,99999.00,99999.00,99999.00,99999.00,99999.00,99999.00,99999.00,99999.00,99999.00,99999.00,99999.00,99999.00,99999.00,99999.00,99999.00,99999.00,99999.00,99999.00,99999.00,99999.00,99999.00,99999.00,99999.00,99999.00,99999.00,99999.00
99999.00,99999.00,99999.00,99999.00,99999.00,99999.00,99999.00,99999.00,99999.00,99999.00,99999.00,99999.00,99999.00,99999.00,99999.00,99999.00,99999.00,99999.00,99999.00,99999.00,99999.00,99999.00,99999.00,99999.00,99999.00,99999.00,99999.00,99999.00,99999.00,99999.00,99999.00,99999.00,99999.00,99999.00,99999.00,99999.00,99999.00,99999.00,99999.00,99999.00,99999.00,99999.00,99999.00,99999.00,99999.00,99999.00,99999.00,99999.00,99999.00,99999.00,99999.00,99999.00,99999.00,99999.00,99999.00,99999.00, 510.77, 502.17, 495.58, 490.23, 486.00, 482.55, 481.20, 483.72, 486.36, 489.27, 492.56, 496.55, 501.45, 507.53, 515.22, 524.17, 533.89, 544.72, 556.00, 568.01, 579.90, 592.37, 605.14, 618.43, 631.70, 645.01, 658.40, 671.92, 685.56, 699.35, 713.27, 727.33, 741.53, 755.56, 769.06, 782.53, 795.98, 809.16, 822.04, 835.00, 848.07, 861.14, 874.18, 887.52, 901.24, 915.42, 930.19, 946.07, 962.95, 981.16,99999.00,99999.00,99999.00,99999.00,99999.00,99999.00,99999.00,99999.00,99999.00,99999.00,99999.00,99999.00,99999.00,99999.00,99999.00,99999.00,99999.00,99999.00,99999.00,99999.00,99999.00,99999.00,99999.00,99999.00,99999.00,99999.00
99999.00,99999.00,99999.00,99999.00,99999.00,99999.00,99999.00,99999.00,99999.00,99999.00,99999.00,99999.00,99999.00,99999.00,99999.00,99999.00,99999.00,99999.00,99999.00,99999.00,99999.00,99999.00,99999.00,99999.00,99999.00,99999.00,99999.00,99999.00,99999.00,99999.00,99999.00,99999.00,99999.00,99999.00,99999.00,99999.00,99999.00,99999.00,99999.00,99999.00,99999.00,99999.00,99999.00,99999.00,99999.00,99999.00,99999.00,99999.00,99999.00,99999.00,99999.00,99999.00,99999.00,99999.00,99999.00,99999.00, 524.26, 515.59, 508.73, 503.35, 499.06, 495.62, 494.07, 496.46, 498.98, 501.74, 504.75, 508.35, 512.78, 518.24, 525.13, 533.38, 542.40, 552.15, 562.74, 573.43, 584.51, 596.37, 608.12, 620.46, 633.02, 645.60, 658.28, 671.08, 684.02, 697.09, 710.31, 723.66, 737.16, 750.75, 764.38, 777.75, 790.79, 803.86, 816.96, 829.96, 842.82, 855.84, 869.07, 882.57, 896.41, 910.68, 925.79, 941.69, 958.59, 976.84,99999.00,99999.00,99999.00,99999.00,99999.00,99999.00,99999.00,99999.00,99999.00,99999.00,99999.00,99999.00,99999.00,99999.00,99999.00,99999.00,99999.00,99999.00,99999.00,99999.00,99999.00,99999.00,99999.00,99999.00,99999.00,99999.00
99999.00,99999.00,99999.00,99999.00,99999.00,99999.00,99999.00,99999.00,99999.00,99999.00,99999.00,99999.00,99999.00,99999.00,99999.00,99999.00,99999.00,99999.00,99999.00,99999.00,99999.00,99999.00,99999.00,99999.00,99999.00,99999.00,99999.00,99999.00,99999.00,99999.00,99999.00,99999.00,99999.00,99999.00,99999.00,99999.00,99999.00,99999.00,99999.00,99999.00,99999.00,99999.00,99999.00,99999.00,99999.00,99999.00,99999.00,99999.00,99999.00,99999.00,99999.00,99999.00,99999.00,99999.00,99999.00,99999.00, 537.52, 528.61, 521.62, 516.20, 511.86, 508.43, 506.67, 508.91, 511.31, 513.81, 516.64, 519.89, 523.89, 528.83, 534.94, 542.49, 550.75, 559.75, 569.45, 579.42, 589.86, 600.41, 611.36, 623.10, 634.84, 646.82, 658.90, 671.11, 683.45, 695.93, 708.56, 721.33, 734.24, 747.26, 760.36, 773.49, 786.64, 799.64, 812.44, 825.32, 838.31, 851.43, 864.75, 878.30, 892.11, 906.58, 921.70, 937.62, 954.56, 972.84,99999.00,99999.00,99999.00,99999.00,99999.00,99999.00,99999.00,99999.00,99999.00,99999.00,99999.00,99999.00,99999.00,99999.00,99999.00,99999.00,99999.00,99999.00,99999.00,99999.00,99999.00,99999.00,99999.00,99999.00,99999.00,99999.00
99999.00,99999.00,99999.00,99999.00,99999.00,99999.00,99999.00,99999.00,99999.00,99999.00,99999.00,99999.00,99999.00,99999.00,99999.00,99999.00,99999.00,99999.00,99999.00,99999.00,99999.00,99999.00,99999.00,99999.00,99999.00,99999.00,99999.00,99999.00,99999.00,99999.00,99999.00,99999.00,99999.00,99999.00,99999.00,99999.00,99999.00,99999.00,99999.00,99999.00,99999.00,99999.00,99999.00,99999.00,99999.00,99999.00,99999.00,99999.00,99999.00,99999.00,99999.00,99999.00,99999.00,99999.00,99999.00,99999.00, 550.54, 541.34, 534.29, 528.77, 524.41, 521.00, 519.01, 521.07, 523.34, 525.68, 528.30, 531.22, 534.76, 539.14, 544.57, 551.43, 559.09, 567.30, 576.29, 585.82, 595.39, 605.22, 615.55, 625.99, 636.92, 648.40, 659.96, 671.67, 683.51, 695.49, 707.62, 719.90, 732.32, 744.87, 757.50, 770.20, 782.96, 795.76, 808.61, 821.53, 834.53, 847.66, 860.91, 874.28, 888.21, 902.69, 917.82, 933.76, 950.73, 969.05,99999.00,99999.00,99999.00,99999.00,99999.00,99999.00,99999.00,99999.00,99999.00,99999.00,99999.00,99999.00,99999.00,99999.00,99999.00,99999.00,99999.00,99999.00,99999.00,99999.00,99999.00,99999.00,99999.00,99999.00,99999.00,99999.00
99999.00,99999.00,99999.00,99999.00,99999.00,99999.00,99999.00,99999.00,99999.00,99999.00,99999.00,99999.00,99999.00,99999.00,99999.00,99999.00,99999.00,99999.00,99999.00,99999.00,99999.00,99999.00,99999.00,99999.00,99999.00,99999.00,99999.00,99999.00,99999.00,99999.00,99999.00,99999.00,99999.00,99999.00,99999.00,99999.00,99999.00,99999.00,99999.00,99999.00,99999.00,99999.00,99999.00,99999.00,99999.00,99999.00,99999.00,99999.00,99999.00,99999.00,99999.00,99999.00,99999.00,99999.00,99999.00,99999.00, 563.18, 553.82, 546.69, 541.09, 536.72, 533.32, 531.08, 532.95, 535.08, 537.30, 539.61, 542.29, 545.43, 549.33, 554.16, 560.18, 567.35, 575.00, 583.19, 592.12, 601.20, 610.61, 620.06, 629.79, 640.12, 650.67, 661.80, 673.07, 684.49, 696.05, 707.76, 719.62, 731.63, 743.77, 756.01, 768.34, 780.75, 793.23, 805.79, 818.44, 831.20, 844.10, 857.18, 870.65, 884.58, 899.06, 914.21, 930.18, 947.19, 965.56,99999.00,99999.00,99999.00,99999.00,99999.00,99999.00,99999.00,99999.00,99999.00,99999.00,99999.00,99999.00,99999.00,99999.00,99999.00,99999.00,99999.00,99999.00,99999.00,99999.00,99999.00,99999.00,99999.00,99999.00,99999.00,99999.00
99999.00,99999.00,99999.00,99999.00,99999.00,99999.00,99999.00,99999.00,99999.00,99999.00,99999.00,99999.00,99999.00,99999.00,99999.00,99999.00,99999.00,99999.00,99999.00,99999.00,99999.00,99999.00,99999.00,99999.00,99999.00,99999.00,99999.00,99999.00,99999.00,99999.00,99999.00,99999.00,99999.00,99999.00,99999.00,99999.00,99999.00,99999.00,99999.00,99999.00,99999.00,99999.00,99999.00,99999.00,99999.00,99999.00,99999.00,99999.00,99999.00,99999.00,99999.00,99999.00,99999.00,99999.00,99999.00,99999.00, 575.43, 566.07, 558.83, 553.18, 548.79, 545.41, 542.90, 544.56, 546.53, 548.61, 550.75, 553.18, 555.93, 559.32, 563.56, 568.91, 575.56, 582.71, 590.33, 598.46, 607.21, 616.03, 625.00, 634.32, 643.78, 653.63, 664.18, 675.05, 686.10, 697.30, 708.65, 720.15, 731.81, 743.61, 755.52, 767.54, 779.64, 791.84, 804.14, 816.56, 829.10, 841.80, 854.85, 868.30, 882.23, 896.71, 911.87, 927.86, 944.89, 963.28,99999.00,99999.00,99999.00,99999.00,99999.00,99999.00,99999.00,99999.00,99999.00,99999.00,99999.00,99999.00,99999.00,99999.00,99999.00,99999.00,99999.00,99999.00,99999.00,99999.00,99999.00,99999.00,99999.00,99999.00,99999.00,99999.00
99999.00,99999.00,99999.00,99999.00,99999.00,99999.00,99999.00,99999.00,99999.00,99999.00,99999.00,99999.00,99999.00,99999.00,99999.00,99999.00,99999.00,99999.00,99999.00,99999.00,99999.00,99999.00,99999.00,99999.00,99999.00,99999.00,99999.00,99999.00,99999.00,99999.00,99999.00,99999.00,99999.00,99999.00,99999.00,99999.00,99999.00,99999.00,99999.00,99999.00,99999.00,99999.00,99999.00,99999.00,99999.00,99999.00,99999.00,99999.00,99999.00,99999.00,99999.00,99999.00,99999.00,99999.00,99999.00,99999.00, 587.45, 578.08, 570.73, 565.03, 560.63, 557.27, 554.48, 555.91, 557.70, 559.64, 561.65, 563.75, 566.23, 569.18, 572.95, 577.75, 583.73, 590.43, 597.53, 605.09, 613.15, 621.59, 630.25, 638.98, 647.97, 657.42, 667.11, 677.29, 688.03, 698.92, 709.96, 721.16, 732.52, 744.02, 755.64, 767.38, 779.23, 791.18, 803.24, 815.43, 827.77, 840.42, 853.43, 866.84, 880.73, 895.18, 910.29, 926.20, 943.10, 961.25,99999.00,99999.00,99999.00,99999.00,99999.00,99999.00,99999.00,99999.00,99999.00,99999.00,99999.00,99999.00,99999.00,99999.00,99999.00,99999.00,99999.00,99999.00,99999.00,99999.00,99999.00,99999.00,99999.00,99999.00,99999.00,99999.00
99999.00,99999.00,99999.00,99999.00,99999.00,99999.00,99999.00,99999.00,99999.00,99999.00,99999.00,99999.00,99999.00,99999.00,99999.00,99999.00,99999.00,99999.00,99999.00,99999.00,99999.00,99999.00,99999.00,99999.00,99999.00,99999.00,99999.00,99999.00,99999.00,99999.00,99999.00,99999.00,99999.00,99999.00,99999.00,99999.00,99999.00,99999.00,99999.00,99999.00,99999.00,99999.00,99999.00,99999.00,99999.00,99999.00,99999.00,99999.00,99999.00,99999.00,99999.00,99999.00,99999.00,99999.00,99999.00,99999.00, 599.22, 589.82, 582.39, 576.66, 572.24, 568.90, 565.82, 567.01, 568.60, 570.38, 572.26, 574.20, 576.39, 578.97, 582.29, 586.48, 591.77, 598.15, 604.80, 611.85, 619.35, 627.35, 635.52, 643.89, 652.56, 661.44, 670.67, 680.46, 690.50, 701.04, 711.82, 722.75, 733.85, 745.10, 756.47, 767.97, 779.58, 791.31, 803.16, 815.15, 827.42, 840.02, 852.97, 866.32, 880.15, 894.51, 909.51, 925.25, 941.89, 959.61, 978.64,99999.00,99999.00,99999.00,99999.00,99999.00,99999.00,99999.00,99999.00,99999.00,99999.00,99999.00,99999.00,99999.00,99999.00,99999.00,99999.00,99999.00,99999.00,99999.00,99999.00,99999.00,99999.00,99999.00,99999.00,99999.00
99999.00,99999.00,99999.00,99999.00,99999.00,99999.00,99999.00,99999.00,99999.00,99999.00,99999.00,99999.00,99999.00,99999.00,99999.00,99999.00,99999.00,99999.00,99999.00,99999.00,99999.00,99999.00,99999.00,99999.00,99999.00,99999.00,99999.00,99999.00,99999.00,99999.00,99999.00,99999.00,99999.00,99999.00,99999.00,99999.00,99999.00,99999.00,99999.00,99999.00,99999.00,99999.00,99999.00,99999.00,99999.00,99999.00,99999.00,99999.00,99999.00,99999.00,99999.00,99999.00,99999.00,99999.00,99999.00,99999.00, 610.72, 601.33, 593.84, 588.07, 583.65, 580.01, 576.93, 577.88, 579.26, 580.86, 582.59, 584.40, 586.30, 588.68, 591.55, 595.25, 599.98, 605.79, 612.13, 618.73, 625.72, 633.17, 641.12, 649.07, 657.26, 665.78, 674.71, 683.94, 693.54, 703.69, 714.10, 724.81, 735.68, 746.71, 757.87, 769.16, 780.57, 792.10, 803.76, 815.69, 827.90, 840.44, 853.32, 866.61, 880.35, 894.60, 909.43, 924.95, 941.25, 958.45, 976.69, 996.03,99999.00,99999.00,99999.00,99999.00,99999.00,99999.00,99999.00,99999.00,99999.00,99999.00,99999.00,99999.00,99999.00,99999.00,99999.00,99999.00,99999.00,99999.00,99999.00,99999.00,99999.00,99999.00,99999.00,99999.00
99999.00,99999.00,99999.00,99999.00,99999.00,99999.00,99999.00,99999.00,99999.00,99999.00,99999.00,99999.00,99999.00,99999.00,99999.00,99999.00,99999.00,99999.00,99999.00,99999.00,99999.00,99999.00,99999.00,99999.00,99999.00,99999.00,99999.00,99999.00,99999.00,99999.00,99999.00,99999.00,99999.00,99999.00,99999.00,99999.00,99999.00,99999.00,99999.00,99999.00,99999.00,99999.00,99999.00,99999.00,99999.00,99999.00,99999.00,99999.00,99999.00,99999.00,99999.00,99999.00,99999.00,99999.00,99999.00,99999.00, 622.01, 612.62, 605.07, 599.27, 594.84, 590.89, 587.83, 588.51, 589.68, 591.09, 592.66, 594.33, 596.16, 598.31, 600.79, 604.03, 608.14, 613.36, 619.40, 625.70, 632.25, 639.20, 646.62, 654.39, 662.35, 670.47, 678.92, 687.81, 697.12, 706.73, 716.70, 727.22, 737.91, 748.75, 759.73, 770.85, 782.08, 793.44, 805.05, 816.92, 829.09, 841.57, 854.39, 867.60, 881.24, 895.36, 910.01, 925.27, 941.22, 957.91, 975.40, 993.72,1012.81,1032.48,1052.55,1073.03,1093.99,1115.58,1137.23,1159.92,1183.95,99999.00,99999.00,99999.00,99999.00,99999.00,99999.00,99999.00,99999.00,99999.00,99999.00,99999.00,99999.00,99999.00,99999.00,99999.00
99999.00,99999.00,99999.00,99999.00,99999.00,99999.00,99999.00,99999.00,99999.00,99999.00,99999.00,99999.00,99999.00,99999.00,99999.00,99999.00,99999.00,99999.00,99999.00,99999.00,99999.00,99999.00,99999.00,99999.00,99999.00,99999.00,99999.00,99999.00,99999.00,99999.00,99999.00,99999.00,99999.00,99999.00,99999.00,99999.00,99999.00,99999.00,99999.00,99999.00,99999.00,99999.00,99999.00,99999.00,99999.00,99999.00,99999.00,99999.00,99999.00,99999.00,99999.00,99999.00,99999.00,99999.00,99999.00,99999.00, 633.08, 623.69, 616.09, 610.26, 605.52, 601.55, 598.51, 598.93, 599.86, 601.08, 602.47, 604.03, 605.79, 607.72, 610.00, 612.77, 616.40, 621.07, 626.66, 632.66, 638.92, 645.43, 652.36, 659.76, 667.39, 675.35, 683.60, 692.11, 700.95, 710.23, 719.92, 729.91, 740.26, 750.95, 761.78, 772.75, 783.84, 795.16, 806.74, 818.58, 830.70, 843.14, 855.90, 869.04, 882.58, 896.56, 911.03, 926.04, 941.64, 957.87, 974.74, 992.26,1010.37,1028.97,1047.94,1067.33,1087.22,1107.77,1129.10,1151.38,1174.88,99999.00,99999.00,99999.00,99999.00,99999.00,99999.00,99999.00,99999.00,99999.00,99999.00,99999.00,99999.00,99999.00,99999.00,99999.00
99999.00,99999.00,99999.00,99999.00,99999.00,99999.00,99999.00,99999.00,99999.00,99999.00,99999.00,99999.00,99999.00,99999.00,99999.00,99999.00,99999.00,99999.00,99999.00,99999.00,99999.00,99999.00,99999.00,99999.00,99999.00,99999.00,99999.00,99999.00,99999.00,99999.00,99999.00,99999.00,99999.00,99999.00,99999.00,99999.00,99999.00,99999.00,99999.00,99999.00,99999.00,99999.00,99999.00,99999.00,99999.00,99999.00,99999.00,99999.00,99999.00,99999.00,99999.00,99999.00,99999.00,99999.00,99999.00,99999.00, 643.93, 634.56, 626.91, 621.06, 615.99, 612.02, 609.00, 609.13, 609.82, 610.84, 612.06, 613.53, 615.22, 617.09, 619.15, 621.55, 624.71, 628.76, 633.93, 639.63, 645.60, 651.84, 658.35, 665.27, 672.68, 680.35, 688.29, 696.65, 705.31, 714.22, 723.46, 733.14, 743.21, 753.56, 764.23, 775.08, 786.16, 797.48, 809.04, 820.86, 832.96, 845.36, 858.09, 871.16, 884.61, 898.46, 912.77, 927.55, 942.85, 958.67, 975.04, 991.94,1009.34,1027.16,1045.36,1063.97,1083.14,1102.97,1123.58,1145.14,1167.91,99999.00,99999.00,99999.00,99999.00,99999.00,99999.00,99999.00,99999.00,99999.00,99999.00,99999.00,99999.00,99999.00,99999.00,99999.00
99999.00,99999.00,99999.00,99999.00,99999.00,99999.00,99999.00,99999.00,99999.00,99999.00,99999.00,99999.00,99999.00,99999.00,99999.00,99999.00,99999.00,99999.00,99999.00,99999.00,99999.00,99999.00,99999.00,99999.00,99999.00,99999.00,99999.00,99999.00,99999.00,99999.00,99999.00,99999.00,99999.00,99999.00,99999.00,99999.00,99999.00,99999.00,99999.00,99999.00,99999.00,99999.00,99999.00,99999.00,99999.00,99999.00,99999.00,99999.00,99999.00,99999.00,99999.00,99999.00,99999.00,99999.00,99999.00,99999.00, 654.59, 645.23, 637.53, 631.36, 626.25, 622.28, 619.29, 619.13, 619.58, 620.38, 621.47, 622.85, 624.46, 626.27, 628.13, 630.32, 633.03, 636.60, 641.22, 646.65, 652.33, 658.29, 664.53, 671.05, 678.00, 685.49, 693.27, 701.37, 709.73, 718.52, 727.60, 736.92, 746.56, 756.60, 767.00, 777.88, 788.98, 800.31, 811.88, 823.71, 835.81, 848.20, 860.89, 873.92, 887.30, 901.06, 915.22, 929.81, 944.85, 960.36, 976.33, 992.77,1009.63,1026.89,1044.53,1062.63,1081.30,1100.62,1120.72,1141.78,1164.04,99999.00,99999.00,99999.00,99999.00,99999.00,99999.00,99999.00,99999.00,99999.00,99999.00,99999.00,99999.00,99999.00,99999.00,99999.00
99999.00,99999.00,99999.00,99999.00,99999.00,99999.00,99999.00,99999.00,99999.00,99999.00,99999.00,99999.00,99999.00,99999.00,99999.00,99999.00,99999.00,99999.00,99999.00,99999.00,99999.00,99999.00,99999.00,99999.00,99999.00,99999.00,99999.00,99999.00,99999.00,99999.00,99999.00,99999.00,99999.00,99999.00,99999.00,99999.00,99999.00,99999.00,99999.00,99999.00,99999.00,99999.00,99999.00,99999.00,99999.00,99999.00,99999.00,99999.00,99999.00,99999.00,99999.00,99999.00,99999.00,99999.00,99999.00,99999.00, 665.05, 655.71, 647.98, 641.45, 636.33, 632.36, 629.39, 628.94, 629.13, 629.73, 630.71, 631.99, 633.52, 635.27, 637.08, 639.07, 641.40, 644.51, 648.53, 653.67, 659.12, 664.81, 670.79, 677.05, 683.61, 690.63, 698.33, 706.28, 714.52, 723.06, 731.87, 741.10, 750.58, 760.28, 770.47, 781.03, 791.94, 803.31, 814.93, 826.79, 838.92, 851.32, 864.01, 877.02, 890.36, 904.05, 918.11, 932.55, 947.40, 962.67, 978.35, 994.43,1010.92,1027.78,1045.05,1062.81,1081.13,1100.10,1119.86,1140.57,1162.50,99999.00,99999.00,99999.00,99999.00,99999.00,99999.00,99999.00,99999.00,99999.00,99999.00,99999.00,99999.00,99999.00,99999.00,99999.00
99999.00,99999.00,99999.00,99999.00,99999.00,99999.00,99999.00,99999.00,99999.00,99999.00,99999.00,99999.00,99999.00,99999.00,99999.00,99999.00,99999.00,99999.00,99999.00,99999.00,99999.00,99999.00,99999.00,99999.00,99999.00,99999.00,99999.00,99999.00,99999.00,99999.00,99999.00,99999.00,99999.00,99999.00,99999.00,99999.00,99999.00,99999.00,99999.00,99999.00,99999.00,99999.00,99999.00,99999.00,99999.00,99999.00,99999.00,99999.00,99999.00,99999.00,99999.00,99999.00,99999.00,99999.00,99999.00,99999.00, 675.33, 665.98, 657.93, 651.36, 646.22, 642.27, 639.31, 638.55, 638.49, 638.93, 639.78, 640.96, 642.42, 644.10, 645.86, 647.68, 649.81, 652.47, 656.02, 660.63, 665.95, 671.42, 677.14, 683.16, 689.48, 696.11, 703.37, 711.25, 719.44, 727.87, 736.57, 745.58, 754.82, 764.65, 774.70, 784.92, 795.60, 806.66, 818.07, 829.99, 842.17, 854.62, 867.35, 880.37, 893.71, 907.37, 921.37, 935.73, 950.45, 965.55, 981.02, 996.88,1013.10,1029.72,1046.78,1064.32,1082.43,1101.18,1120.72,1141.22,1162.93,99999.00,99999.00,99999.00,99999.00,99999.00,99999.00,99999.00,99999.00,99999.00,99999.00,99999.00,99999.00,99999.00,99999.00,99999.00
99999.00,99999.00,99999.00,99999.00,99999.00,99999.00,99999.00,99999.00,99999.00,99999.00,99999.00,99999.00,99999.00,99999.00,99999.00,99999.00,99999.00,99999.00,99999.00,99999.00,99999.00,99999.00,99999.00,99999.00,99999.00,99999.00,99999.00,99999.00,99999.00,99999.00,99999.00,99999.00,99999.00,99999.00,99999.00,99999.00,99999.00,99999.00,99999.00,99999.00,99999.00,99999.00,99999.00,99999.00,99999.00,99999.00,99999.00,99999.00,99999.00,99999.00,99999.00,99999.00,99999.00,99999.00,99999.00,99999.00, 685.41, 675.73, 667.69, 661.08, 655.94, 651.99, 649.06, 648.00, 647.68, 647.97, 648.69, 649.78, 651.16, 652.78, 654.49, 656.27, 658.22, 660.52, 663.62, 667.64, 672.74, 678.09, 683.61, 689.39, 695.49, 701.89, 708.74, 716.33, 724.38, 732.79, 741.49, 750.41, 759.78, 769.41, 779.23, 789.58, 800.11, 810.81, 822.00, 833.58, 845.54, 858.03, 870.80, 883.88, 897.25, 910.94, 924.94, 939.26, 953.93, 968.94, 984.30,1000.02,1016.13,1032.65,1049.60,1067.04,1085.04,1103.69,1123.13,1143.52,1165.13,99999.00,99999.00,99999.00,99999.00,99999.00,99999.00,99999.00,99999.00,99999.00,99999.00,99999.00,99999.00,99999.00,99999.00,99999.00
99999.00,99999.00,99999.00,99999.00,99999.00,99999.00,99999.00,99999.00,99999.00,99999.00,99999.00,99999.00,99999.00,99999.00,99999.00,99999.00,99999.00,99999.00,99999.00,99999.00,99999.00,99999.00,99999.00,99999.00,99999.00,99999.00,99999.00,99999.00,99999.00,99999.00,99999.00,99999.00,99999.00,99999.00,99999.00,99999.00,99999.00,99999.00,99999.00,99999.00,99999.00,99999.00,99999.00,99999.00,99999.00,99999.00,99999.00,99999.00,99999.00,99999.00,99999.00,99999.00,99999.00,99999.00,99999.00,99999.00, 695.03, 685.29, 677.27, 670.64, 665.49, 661.55, 658.64, 657.26, 656.73, 656.86, 657.46, 658.44, 659.74, 661.30, 662.96, 664.71, 666.51, 668.61, 671.28, 674.86, 679.52, 684.73, 690.15, 695.75, 701.63, 707.84, 714.45, 721.65, 729.60, 737.88, 746.50, 755.64, 765.04, 774.63, 784.60, 794.76, 805.05, 815.87, 826.88, 838.09, 849.80, 861.93, 874.46, 887.54, 900.94, 914.65, 928.69, 943.06, 957.75, 972.75, 988.09,1003.81,1019.93,1036.45,1053.40,1070.84,1088.84,1107.49,1126.93,1147.33,1168.93,99999.00,99999.00,99999.00,99999.00,99999.00,99999.00,99999.00,99999.00,99999.00,99999.00,99999.00,99999.00,99999.00,99999.00,99999.00
99999.00,99999.00,99999.00,99999.00,99999.00,99999.00,99999.00,99999.00,99999.00,99999.00,99999.00,99999.00,99999.00,99999.00,99999.00,99999.00,99999.00,99999.00,99999.00,99999.00,99999.00,99999.00,99999.00,99999.00,99999.00,99999.00,99999.00,99999.00,99999.00,99999.00,99999.00,99999.00,99999.00,99999.00,99999.00,99999.00,99999.00,99999.00,99999.00,99999.00,99999.00,99999.00,99999.00,99999.00,99999.00,99999.00,99999.00,99999.00,99999.00,99999.00,99999.00,99999.00,99999.00,99999.00,99999.00,99999.00, 704.49, 694.76, 686.70, 680.04, 674.88, 670.95, 668.06, 666.37, 665.64, 665.61, 666.08, 666.96, 668.18, 669.68, 671.29, 673.01, 674.80, 676.74, 679.05, 682.20, 686.30, 691.37, 696.67, 702.20, 707.92, 713.94, 720.36, 727.34, 734.94, 743.29, 752.05, 761.13, 770.52, 780.36, 790.40, 800.53, 810.95, 821.57, 832.34, 843.65, 855.17, 866.90, 879.16, 891.85, 904.97, 918.66, 932.68, 947.05, 961.76, 976.83, 992.30,1008.14,1024.37,1040.99,1058.05,1075.59,1093.69,1112.45,1131.99,1152.49,1174.20,99999.00,99999.00,99999.00,99999.00,99999.00,99999.00,99999.00,99999.00,99999.00,99999.00,99999.00,99999.00,99999.00,99999.00,99999.00
99999.00,99999.00,99999.00,99999.00,99999.00,99999.00,99999.00,99999.00,99999.00,99999.00,99999.00,99999.00,99999.00,99999.00,99999.00,99999.00,99999.00,99999.00,99999.00,99999.00,99999.00,99999.00,99999.00,99999.00,99999.00,99999.00,99999.00,99999.00,99999.00,99999.00,99999.00,99999.00,99999.00,99999.00,99999.00,99999.00,99999.00,99999.00,99999.00,99999.00,99999.00,99999.00,99999.00,99999.00,99999.00,99999.00,99999.00,99999.00,99999.00,99999.00,99999.00,99999.00,99999.00,99999.00,99999.00,99999.00, 713.87, 704.10, 696.10, 689.34, 684.12, 680.20, 677.33, 675.34, 674.41, 674.22, 674.57, 675.35, 676.49, 677.92, 679.49, 681.18, 682.95, 684.76, 686.89, 689.63, 693.29, 698.03, 703.22, 708.64, 714.31, 720.21, 726.48, 733.25, 740.67, 748.83, 757.75, 767.03, 776.65, 786.51, 796.58, 806.99, 817.48, 828.05, 838.94, 850.03, 861.28, 873.10, 885.14, 897.42, 910.23, 923.51, 937.23, 951.53, 966.26, 981.39, 996.88,1012.76,1029.08,1045.81,1062.99,1080.70,1099.01,1117.98,1137.74,1158.46,1180.38,99999.00,99999.00,99999.00,99999.00,99999.00,99999.00,99999.00,99999.00,99999.00,99999.00,99999.00,99999.00,99999.00,99999.00,99999.00
99999.00,99999.00,99999.00,99999.00,99999.00,99999.00,99999.00,99999.00,99999.00,99999.00,99999.00,99999.00,99999.00,99999.00,99999.00,99999.00,99999.00,99999.00,99999.00,99999.00,99999.00,99999.00,99999.00,99999.00,99999.00,99999.00,99999.00,99999.00,99999.00,99999.00,99999.00,99999.00,99999.00,99999.00,99999.00,99999.00,99999.00,99999.00,99999.00,99999.00,99999.00,99999.00,99999.00,99999.00,99999.00,99999.00,99999.00,99999.00,99999.00,99999.00,99999.00,99999.00,99999.00,99999.00,99999.00,99999.00, 723.11, 713.41, 705.35, 698.58, 693.33, 689.34, 686.44, 684.17, 683.05, 682.70, 682.92, 683.60, 684.66, 686.03, 687.56, 689.23, 690.98, 692.78, 694.77, 697.17, 700.43, 704.67, 709.78, 715.11, 720.71, 726.59, 732.78, 739.42, 746.77, 754.81, 763.60, 773.15, 783.05, 793.22, 803.57, 814.02, 824.61, 835.45, 846.34, 857.42, 868.78, 880.36, 892.11, 904.45, 917.03, 929.86, 943.29, 957.25, 971.67, 986.71,1002.20,1018.11,1034.44,1051.20,1068.47,1086.28,1104.72,1123.90,1143.96,1165.02,1187.29,99999.00,99999.00,99999.00,99999.00,99999.00,99999.00,99999.00,99999.00,99999.00,99999.00,99999.00,99999.00,99999.00,99999.00,99999.00
99999.00,99999.00,99999.00,99999.00,99999.00,99999.00,99999.00,99999.00,99999.00,99999.00,99999.00,99999.00,99999.00,99999.00,99999.00,99999.00,99999.00,99999.00,99999.00,99999.00,99999.00,99999.00,99999.00,99999.00,99999.00,99999.00,99999.00,99999.00,99999.00,99999.00,99999.00,99999.00,99999.00,99999.00,99999.00,99999.00,99999.00,99999.00,99999.00,99999.00,99999.00,99999.00,99999.00,99999.00,99999.00,99999.00,99999.00,99999.00,99999.00,99999.00,99999.00,99999.00,99999.00,99999.00,99999.00,99999.00, 732.28, 722.52, 714.47, 707.64, 702.41, 698.44, 695.47, 692.90, 691.56, 691.05, 691.14, 691.71, 692.70, 694.01, 695.50, 697.15, 698.88, 700.68, 702.54, 704.78, 707.65, 711.49, 716.33, 721.61, 727.15, 732.99, 739.21, 745.92, 753.14, 761.19, 769.95, 779.47, 789.74, 800.30, 811.05, 821.82, 832.55, 843.41, 854.52, 865.69, 877.06, 888.72, 900.61, 912.68, 925.19, 938.13, 951.35, 964.84, 978.95, 993.61,1008.77,1024.59,1040.89,1057.68,1074.96,1092.81,1111.33,1130.61,1150.80,1172.12,1194.88,99999.00,99999.00,99999.00,99999.00,99999.00,99999.00,99999.00,99999.00,99999.00,99999.00,99999.00,99999.00,99999.00,99999.00,99999.00
99999.00,99999.00,99999.00,99999.00,99999.00,99999.00,99999.00,99999.00,99999.00,99999.00,99999.00,99999.00,99999.00,99999.00,99999.00,99999.00,99999.00,99999.00,99999.00,99999.00,99999.00,99999.00,99999.00,99999.00,99999.00,99999.00,99999.00,99999.00,99999.00,99999.00,99999.00,99999.00,99999.00,99999.00,99999.00,99999.00,99999.00,99999.00,99999.00,99999.00,99999.00,99999.00,99999.00,99999.00,99999.00,99999.00,99999.00,99999.00,99999.00,99999.00,99999.00,99999.00,99999.00,99999.00,99999.00,99999.00, 740.89, 731.30, 723.27, 716.52, 711.26, 707.30, 704.12, 701.54, 699.98, 699.28, 699.22, 699.69, 700.60, 701.86, 703.31, 704.94, 706.65, 708.44, 710.32, 712.43, 714.98, 718.45, 722.95, 728.09, 733.61, 739.43, 745.75, 752.55, 759.90, 767.86, 776.74, 786.36, 796.76, 807.85, 819.12, 830.37, 841.43, 852.43, 863.54, 874.94, 886.38, 898.05, 910.04, 922.28, 934.71, 947.59, 960.93, 974.54, 988.45,1002.86,1017.69,1033.11,1049.09,1065.77,1083.03,1100.91,1119.44,1138.76,1159.03,1180.45,1203.34,99999.00,99999.00,99999.00,99999.00,99999.00,99999.00,99999.00,99999.00,99999.00,99999.00,99999.00,99999.00,99999.00,99999.00,99999.00
99999.00,99999.00,99999.00,99999.00,99999.00,99999.00,99999.00,99999.00,99999.00,99999.00,99999.00,99999.00,99999.00,99999.00,99999.00,99999.00,99999.00,99999.00,99999.00,99999.00,99999.00,99999.00,99999.00,99999.00,99999.00,99999.00,99999.00,99999.00,99999.00,99999.00,99999.00,99999.00,99999.00,99999.00,99999.00,99999.00,99999.00,99999.00,99999.00,99999.00,99999.00,99999.00,99999.00,99999.00,99999.00,99999.00,99999.00,99999.00,99999.00,99999.00,99999.00,99999.00,99999.00,99999.00,99999.00, 760.03, 748.87, 739.55, 731.71, 725.09, 719.95, 715.97, 712.56, 710.08, 708.30, 707.43, 707.22, 707.57, 708.39, 709.58, 710.98, 712.59, 714.28, 716.06, 717.95, 719.95, 722.37, 725.47, 729.60, 734.63, 740.03, 745.96, 752.32, 759.29, 766.80, 774.94, 783.85, 793.77, 804.50, 815.97, 828.02, 839.95, 851.50, 862.81, 874.09, 885.50, 897.19, 908.95, 920.94, 933.27, 945.85, 958.65, 971.90, 985.63, 999.65,1013.99,1028.84,1044.15,1060.08,1076.60,1093.55,1111.31,1129.83,1149.17,1169.45,1190.91,1213.88,99999.00,99999.00,99999.00,99999.00,99999.00,99999.00,99999.00,99999.00,99999.00,99999.00,99999.00,99999.00,99999.00,99999.00,99999.00
99999.00,99999.00,99999.00,99999.00,99999.00,99999.00,99999.00,99999.00,99999.00,99999.00,99999.00,99999.00,99999.00,99999.00,99999.00,99999.00,99999.00,99999.00,99999.00,99999.00,99999.00,99999.00,99999.00,99999.00,99999.00,99999.00,99999.00,99999.00,99999.00,99999.00,99999.00,99999.00,99999.00,99999.00,99999.00,99999.00,99999.00,99999.00,99999.00,99999.00,99999.00,99999.00,99999.00,99999.00,99999.00,99999.00,99999.00,99999.00,99999.00,99999.00,99999.00,99999.00,99999.00,99999.00, 779.07, 766.67, 756.19, 747.32, 739.79, 733.31, 728.30, 724.19, 720.86, 718.48, 716.50, 715.47, 715.12, 715.37, 716.09, 717.22, 718.58, 720.17, 721.86, 723.65, 725.53, 727.56, 729.86, 732.67, 736.45, 741.23, 746.64, 752.49, 759.02, 766.08, 773.84, 782.26, 791.44, 801.62, 812.95, 825.17,99999.00,99999.00,99999.00,99999.00,99999.00,99999.00,99999.00,99999.00,99999.00,99999.00,99999.00,99999.00,99999.00,99999.00,99999.00,99999.00,99999.00,99999.00,99999.00,99999.00,99999.00,99999.00,99999.00,99999.00,99999.00,99999.00,99999.00,99999.00,99999.00,99999.00,99999.00,99999.00,99999.00,99999.00,99999.00,99999.00,99999.00,99999.00,99999.00,99999.00,99999.00,99999.00
99999.00,99999.00,99999.00,99999.00,99999.00,99999.00,99999.00,99999.00,99999.00,99999.00,99999.00,99999.00,99999.00,99999.00,99999.00,99999.00,99999.00,99999.00,99999.00,99999.00,99999.00,99999.00,1259.48,1236.10,1214.70,1194.83,1175.98,1158.03,1140.96,1124.64,1108.99,1093.92,1078.95,1064.46,1050.40,1036.66,1022.82,1009.32, 996.12, 982.69, 969.40, 956.36, 943.45, 929.98, 916.72, 903.65, 890.42, 876.52, 862.80, 849.19, 835.65, 822.19, 808.79, 795.59, 783.85, 772.75, 763.01, 754.68, 747.47, 741.29, 736.38, 732.14, 728.99, 726.73, 724.57, 723.38, 722.91, 723.06, 723.71, 724.78, 726.11, 727.68, 729.37, 731.14, 733.04, 735.09, 737.30, 739.99, 743.43, 748.12, 753.35, 759.24, 765.73, 773.01, 780.95, 789.72, 799.34, 809.98, 821.98,99999.00,99999.00,99999.00,99999.00,99999.00,99999.00,99999.00,99999.00,99999.00,99999.00,99999.00,99999.00,99999.00,99999.00,99999.00,99999.00,99999.00,99999.00,99999.00,99999.00,99999.00,99999.00,99999.00,99999.00,99999.00,99999.00,99999.00,99999.00,99999.00,99999.00,99999.00,99999.00,99999.00,99999.00,99999.00,99999.00,99999.00,99999.00,99999.00,99999.00,99999.00,99999.00,99999.00
99999.00,99999.00,99999.00,99999.00,99999.00,99999.00,99999.00,99999.00,99999.00,99999.00,99999.00,99999.00,99999.00,99999.00,99999.00,99999.00,99999.00,99999.00,99999.00,99999.00,99999.00,99999.00,1246.02,1222.97,1201.86,1182.26,1163.88,1146.27,1129.40,1113.26,1097.78,1082.88,1068.48,1054.13,1040.19,1026.65,1013.39, 999.99, 986.90, 974.08, 961.40, 948.42, 935.67, 923.13, 910.71, 897.69, 884.86, 872.20, 859.70, 847.33, 835.03, 822.79, 810.85, 799.20, 788.60, 778.52, 769.47, 761.64, 754.78, 748.89, 743.97, 739.91, 736.94, 734.55, 732.48, 731.15, 730.58, 730.63, 731.22, 732.24, 733.54, 735.11, 736.80, 738.56, 740.47, 742.53, 744.79, 747.38, 750.68, 755.04, 760.30, 766.03, 772.61, 779.90, 788.11, 797.15, 807.27, 818.56,99999.00,99999.00,99999.00,99999.00,99999.00,99999.00,99999.00,99999.00,99999.00,99999.00,99999.00,99999.00,99999.00,99999.00,99999.00,99999.00,99999.00,99999.00,99999.00,99999.00,99999.00,99999.00,99999.00,99999.00,99999.00,99999.00,99999.00,99999.00,99999.00,99999.00,99999.00,99999.00,99999.00,99999.00,99999.00,99999.00,99999.00,99999.00,99999.00,99999.00,99999.00,99999.00,99999.00,99999.00
99999.00,99999.00,99999.00,99999.00,99999.00,99999.00,99999.00,99999.00,99999.00,99999.00,99999.00,99999.00,99999.00,99999.00,99999.00,99999.00,99999.00,99999.00,99999.00,99999.00,99999.00,99999.00,1234.35,1211.76,1191.04,1171.59,1153.33,1136.07,1119.66,1103.75,1088.37,1073.55,1059.25,1045.41,1031.98,1018.51,1005.40, 992.60, 980.04, 967.30, 954.81, 942.57, 930.43, 917.95, 905.68, 893.60, 881.70, 869.98, 858.42, 846.98, 835.61, 824.31, 813.53, 803.04, 793.34, 784.06, 775.67, 768.26, 761.85, 756.21, 751.28, 747.48, 744.71, 742.19, 740.22, 738.78, 738.11, 738.08, 738.61, 739.59, 740.87, 742.44, 744.11, 745.89, 747.79, 749.87, 752.16, 754.81, 758.00, 762.03, 767.24, 773.03, 779.47, 786.87, 795.12, 804.49, 814.95, 826.91,99999.00,99999.00,99999.00,99999.00,99999.00,99999.00,99999.00,99999.00,99999.00,99999.00,99999.00,99999.00,99999.00,99999.00,99999.00,99999.00,99999.00,99999.00,99999.00,99999.00,99999.00,99999.00,99999.00,99999.00,99999.00,99999.00,99999.00,99999.00,99999.00,99999.00,99999.00,99999.00,99999.00,99999.00,99999.00,99999.00,99999.00,99999.00,99999.00,99999.00,99999.00,99999.00,99999.00,99999.00
99999.00,99999.00,99999.00,99999.00,99999.00,99999.00,99999.00,99999.00,99999.00,99999.00,99999.00,99999.00,99999.00,99999.00,99999.00,99999.00,99999.00,99999.00,99999.00,99999.00,99999.00,99999.00,1224.25,1201.91,1181.46,1162.47,1144.60,1127.49,1111.20,1095.65,1080.72,1066.13,1051.93,1038.18,1024.84,1011.89, 999.28, 986.56, 974.14, 962.00, 950.05, 937.88, 925.93, 914.19, 902.66, 891.32, 880.17, 869.18, 858.37, 847.67, 837.04, 826.49, 816.63, 807.01, 798.12, 789.49, 781.64, 774.77, 768.57, 763.05, 758.39, 754.86, 752.03, 749.65, 747.78, 746.24, 745.48, 745.40, 745.87, 746.83, 748.09, 749.66, 751.32, 753.11, 755.01, 757.11, 759.55, 762.24, 765.34, 769.24, 774.21, 779.98, 786.48, 793.74, 802.11, 811.52, 822.32, 834.65,99999.00,99999.00,99999.00,99999.00,99999.00,99999.00,99999.00,99999.00,99999.00,99999.00,99999.00,99999.00,99999.00,99999.00,99999.00,99999.00,99999.00,99999.00,99999.00,99999.00,99999.00,99999.00,99999.00,99999.00,99999.00,99999.00,99999.00,99999.00,99999.00,99999.00,99999.00,99999.00,99999.00,99999.00,99999.00,99999.00,99999.00,99999.00,99999.00,99999.00,99999.00,99999.00,99999.00,99999.00
99999.00,99999.00,99999.00,99999.00,99999.00,99999.00,99999.00,99999.00,99999.00,99999.00,99999.00,99999.00,99999.00,99999.00,99999.00,99999.00,99999.00,99999.00,99999.00,99999.00,99999.00,99999.00,1215.11,1193.17,1173.03,1154.28,1136.68,1120.03,1104.13,1088.72,1073.93,1059.68,1045.94,1032.41,1019.18,1006.31, 993.80, 981.60, 969.68, 957.62, 945.81, 934.24, 922.90, 911.77, 900.85, 890.12, 879.57, 869.19, 858.98, 848.89, 838.87, 829.11, 820.08, 811.19, 802.96, 794.81, 787.59, 781.01, 775.08, 769.68, 765.32, 762.06, 759.16, 756.94, 755.16, 753.53, 752.71, 752.57, 753.01, 753.94, 755.20, 756.78, 758.41, 760.20, 762.12, 764.35, 766.81, 769.54, 772.71, 776.50, 781.23, 786.94, 793.43, 800.75, 808.98, 818.50, 829.36, 842.02,99999.00,99999.00,99999.00,99999.00,99999.00,99999.00,99999.00,99999.00,99999.00,99999.00,99999.00,99999.00,99999.00,99999.00,99999.00,99999.00,99999.00,99999.00,99999.00,99999.00,99999.00,99999.00,99999.00,99999.00,99999.00,99999.00,99999.00,99999.00,99999.00,99999.00,99999.00,99999.00,99999.00,99999.00,99999.00,99999.00,99999.00,99999.00,99999.00,99999.00,99999.00,99999.00,99999.00,99999.00
99999.00,99999.00,99999.00,99999.00,99999.00,99999.00,99999.00,99999.00,99999.00,99999.00,99999.00,99999.00,99999.00,99999.00,99999.00,99999.00,99999.00,99999.00,99999.00,99999.00,99999.00,99999.00,1205.85,1184.85,1165.33,1146.95,1129.64,1113.22,1097.59,1082.63,1068.22,1054.12,1040.51,1027.33,1014.55,1001.91, 989.49, 977.38, 965.56, 954.01, 942.72, 931.66, 920.84, 910.22, 899.81, 889.59, 879.55, 869.69, 859.99, 850.41, 841.26, 832.24, 823.87, 815.50, 807.69, 800.20, 793.33, 787.08, 781.33, 776.26, 772.18, 768.82, 766.12, 764.05, 762.33, 760.66, 759.78, 759.60, 760.01, 760.93, 762.18, 763.76, 765.40, 767.17, 769.25, 771.48, 773.97, 776.86, 780.07, 783.78, 788.39, 793.97, 800.39, 807.70, 815.99, 825.38, 836.34, 849.05,99999.00,99999.00,99999.00,99999.00,99999.00,99999.00,99999.00,99999.00,99999.00,99999.00,99999.00,99999.00,99999.00,99999.00,99999.00,99999.00,99999.00,99999.00,99999.00,99999.00,99999.00,99999.00,99999.00,99999.00,99999.00,99999.00,99999.00,99999.00,99999.00,99999.00,99999.00,99999.00,99999.00,99999.00,99999.00,99999.00,99999.00,99999.00,99999.00,99999.00,99999.00,99999.00,99999.00,99999.00
99999.00,99999.00,99999.00,99999.00,99999.00,99999.00,99999.00,99999.00,99999.00,99999.00,99999.00,99999.00,99999.00,99999.00,99999.00,99999.00,99999.00,99999.00,99999.00,99999.00,99999.00,1218.49,1196.81,1176.68,1157.87,1140.18,1123.35,1107.22,1091.82,1077.07,1062.90,1049.24,1036.00,1022.95,1010.30, 998.00, 986.03, 974.37, 963.00, 951.90, 941.05, 930.45, 920.06, 909.89, 899.92, 890.14, 880.54, 871.10, 861.81, 852.66, 844.16, 835.66, 827.72, 820.02, 812.56, 805.46, 798.95, 792.92, 787.54, 782.70, 778.94, 775.55, 772.94, 770.98, 769.21, 767.62, 766.70, 766.48, 766.88, 767.79, 769.05, 770.61, 772.28, 774.16, 776.23, 778.50, 781.12, 784.04, 787.31, 791.08, 795.65, 801.13, 807.42, 814.67, 822.94, 832.39, 843.21, 856.04,99999.00,99999.00,99999.00,99999.00,99999.00,99999.00,99999.00,99999.00,99999.00,99999.00,99999.00,99999.00,99999.00,99999.00,99999.00,99999.00,99999.00,99999.00,99999.00,99999.00,99999.00,99999.00,99999.00,99999.00,99999.00,99999.00,99999.00,99999.00,99999.00,99999.00,99999.00,99999.00,99999.00,99999.00,99999.00,99999.00,99999.00,99999.00,99999.00,99999.00,99999.00,99999.00,99999.00,99999.00
99999.00,99999.00,99999.00,99999.00,99999.00,99999.00,99999.00,99999.00,99999.00,99999.00,99999.00,99999.00,99999.00,99999.00,99999.00,99999.00,99999.00,99999.00,99999.00,99999.00,1229.86,1208.50,1188.31,1169.11,1150.93,1133.71,1117.36,1101.78,1086.77,1072.25,1058.27,1044.78,1031.75,1019.13,1006.89, 995.00, 983.44, 972.19, 961.21, 950.51, 940.06, 929.84, 919.85, 910.07, 900.47, 891.04, 881.78, 872.68, 863.98, 855.34, 847.26, 839.43, 831.83, 824.53, 817.36, 810.66, 804.40, 798.77, 793.60, 789.09, 785.29, 782.15, 779.72, 777.80, 776.02, 774.44, 773.49, 773.25, 773.63, 774.55, 775.83, 777.40, 779.13, 781.03, 783.11, 785.53, 788.16, 791.12, 794.54, 798.37, 802.93, 808.39, 814.58, 821.69, 829.90, 839.33, 850.22, 862.91,99999.00,99999.00,99999.00,99999.00,99999.00,99999.00,99999.00,99999.00,99999.00,99999.00,99999.00,99999.00,99999.00,99999.00,99999.00,99999.00,99999.00,99999.00,99999.00,99999.00,99999.00,99999.00,99999.00,99999.00,99999.00,99999.00,99999.00,99999.00,99999.00,99999.00,99999.00,99999.00,99999.00,99999.00,99999.00,99999.00,99999.00,99999.00,99999.00,99999.00,99999.00,99999.00,99999.00,99999.00
99999.00,99999.00,99999.00,99999.00,99999.00,99999.00,99999.00,99999.00,99999.00,99999.00,99999.00,99999.00,99999.00,99999.00,99999.00,1328.03,1304.87,1282.76,1261.24,1240.16,1219.62,1199.46,1180.24,1161.97,1144.61,1127.92,1111.93,1096.65,1082.01,1067.94,1054.39,1041.32,1028.69,1016.46,1004.61, 993.10, 981.91, 971.02, 960.41, 950.06, 939.96, 930.09, 920.41, 910.93, 901.62, 892.48, 883.51, 874.70, 866.44, 858.46, 850.72, 843.29, 835.97, 829.01, 822.16, 815.73, 809.89, 804.51, 799.56, 795.42, 791.63, 788.61, 786.34, 784.37, 782.68, 781.15, 780.17, 779.92, 780.30, 781.23, 782.53, 784.12, 785.85, 787.79, 789.98, 792.41, 795.09, 798.19, 801.65, 805.57, 810.23, 815.67, 821.84, 828.85, 836.93, 846.30, 857.17, 869.92,99999.00,99999.00,99999.00,99999.00,99999.00,99999.00,99999.00,99999.00,99999.00,99999.00,99999.00,99999.00,99999.00,99999.00,99999.00,99999.00,99999.00,99999.00,99999.00,99999.00,99999.00,99999.00,99999.00,99999.00,99999.00,99999.00,99999.00,99999.00,99999.00,99999.00,99999.00,99999.00,99999.00,99999.00,99999.00,99999.00,99999.00,99999.00,99999.00,99999.00,99999.00,99999.00,99999.00,99999.00
99999.00,99999.00,99999.00,99999.00,99999.00,99999.00,99999.00,99999.00,99999.00,99999.00,99999.00,99999.00,99999.00,99999.00,99999.00,1314.58,1291.99,1270.50,1250.03,1230.07,1210.38,1191.44,1173.27,1155.54,1138.65,1122.52,1107.11,1092.34,1078.17,1064.55,1051.41,1038.74,1026.49,1014.63,1003.13, 991.97, 981.12, 970.56, 960.28, 950.24, 940.41, 930.78, 921.36, 912.12, 903.07, 894.18, 885.56, 877.25, 869.35, 861.76, 854.30, 847.20, 840.20, 833.46, 826.88, 820.88, 815.32, 810.17, 805.52, 801.37, 797.86, 795.07, 792.87, 790.90, 789.21, 787.73, 786.74, 786.49, 786.88, 787.82, 789.16, 790.75, 792.50, 794.51, 796.74, 799.18, 802.02, 805.14, 808.64, 812.81, 817.52, 822.97, 829.12, 836.11, 844.08, 853.32, 864.15, 876.95,99999.00,99999.00,99999.00,99999.00,99999.00,99999.00,99999.00,99999.00,99999.00,99999.00,99999.00,99999.00,99999.00,99999.00,99999.00,99999.00,99999.00,99999.00,99999.00,99999.00,99999.00,99999.00,99999.00,99999.00,99999.00,99999.00,99999.00,99999.00,99999.00,99999.00,99999.00,99999.00,99999.00,99999.00,99999.00,99999.00,99999.00,99999.00,99999.00,99999.00,99999.00,99999.00,99999.00,99999.00
99999.00,99999.00,99999.00,99999.00,99999.00,99999.00,99999.00,99999.00,99999.00,99999.00,99999.00,99999.00,99999.00,99999.00,99999.00,1303.12,1281.11,1260.45,1240.56,1221.21,1202.55,1184.46,1166.77,1149.83,1133.63,1118.12,1103.26,1088.99,1075.28,1062.07,1049.34,1037.04,1025.15,1013.63,1002.47, 991.63, 981.09, 970.81, 960.75, 950.93, 941.32, 931.92, 922.71, 913.70, 904.87, 896.22, 887.96, 880.06, 872.44, 865.18, 858.03, 851.14, 844.41, 837.86, 831.73, 826.00, 820.69, 815.86, 811.45, 807.34, 803.98, 801.37, 799.14, 797.30, 795.64, 794.21, 793.21, 792.97, 793.37, 794.34, 795.71, 797.30, 799.09, 801.10, 803.37, 805.94, 808.80, 811.97, 815.66, 819.92, 824.72, 830.26, 836.42, 843.39, 851.35, 860.53, 871.28, 884.04,99999.00,99999.00,99999.00,99999.00,99999.00,99999.00,99999.00,99999.00,99999.00,99999.00,99999.00,99999.00,99999.00,99999.00,99999.00,99999.00,99999.00,99999.00,99999.00,99999.00,99999.00,99999.00,99999.00,99999.00,99999.00,99999.00,99999.00,99999.00,99999.00,99999.00,99999.00,99999.00,99999.00,99999.00,99999.00,99999.00,99999.00,99999.00,99999.00,99999.00,99999.00,99999.00,99999.00,99999.00
99999.00,99999.00,99999.00,99999.00,99999.00,99999.00,99999.00,99999.00,99999.00,99999.00,99999.00,99999.00,99999.00,99999.00,99999.00,1293.43,1272.07,1251.67,1232.36,1213.85,1195.74,1178.13,1161.23,1145.01,1129.46,1114.52,1100.18,1086.38,1073.10,1060.30,1047.95,1036.01,1024.46,1013.27,1002.41, 991.81, 981.47, 971.38, 961.52, 951.89, 942.48, 933.28, 924.28, 915.47, 906.85, 898.57, 890.58, 883.05, 875.73, 868.68, 861.80, 855.09, 848.66, 842.42, 836.57, 831.11, 826.11, 821.47, 817.02, 813.22, 810.11, 807.59, 805.40, 803.59, 801.99, 800.57, 799.58, 799.35, 799.78, 800.78, 802.19, 803.77, 805.57, 807.63, 809.98, 812.59, 815.46, 818.80, 822.61, 826.91, 831.96, 837.46, 843.71, 850.70, 858.71, 867.90, 878.60, 891.28,99999.00,99999.00,99999.00,99999.00,99999.00,99999.00,99999.00,99999.00,99999.00,99999.00,99999.00,99999.00,99999.00,99999.00,99999.00,99999.00,99999.00,99999.00,99999.00,99999.00,99999.00,99999.00,99999.00,99999.00,99999.00,99999.00,99999.00,99999.00,99999.00,99999.00,99999.00,99999.00,99999.00,99999.00,99999.00,99999.00,99999.00,99999.00,99999.00,99999.00,99999.00,99999.00,99999.00,99999.00
99999.00,99999.00,99999.00,99999.00,99999.00,99999.00,99999.00,99999.00,99999.00,99999.00,99999.00,99999.00,99999.00,99999.00,99999.00,1284.90,1263.85,1244.16,1225.50,1207.25,1189.71,1172.86,1156.66,1141.09,1126.12,1111.72,1097.86,1084.52,1071.65,1059.24,1047.25,1035.65,1024.40,1013.43,1002.75, 992.33, 982.17, 972.26, 962.58, 953.13, 943.91, 934.89, 926.07, 917.44, 909.05, 901.14, 893.46, 886.17, 879.12, 872.24, 865.65, 859.25, 852.96, 847.00, 841.42, 836.29, 831.49, 826.88, 822.65, 819.02, 816.11, 813.59, 811.54, 809.77, 808.24, 806.82, 805.85, 805.64, 806.10, 807.14, 808.60, 810.17, 811.98, 814.08, 816.45, 819.11, 822.12, 825.56, 829.44, 833.93, 839.02, 844.70, 850.94, 858.09, 866.12, 875.37, 886.07, 898.71,99999.00,99999.00,99999.00,99999.00,99999.00,99999.00,99999.00,99999.00,99999.00,99999.00,99999.00,99999.00,99999.00,99999.00,99999.00,99999.00,99999.00,99999.00,99999.00,99999.00,99999.00,99999.00,99999.00,99999.00,99999.00,99999.00,99999.00,99999.00,99999.00,99999.00,99999.00,99999.00,99999.00,99999.00,99999.00,99999.00,99999.00,99999.00,99999.00,99999.00,99999.00,99999.00,99999.00,99999.00
99999.00,99999.00,99999.00,99999.00,99999.00,99999.00,99999.00,99999.00,99999.00,99999.00,99999.00,99999.00,99999.00,99999.00,99999.00,1277.28,1256.77,1237.47,1219.13,1201.57,1184.73,1168.53,1152.95,1137.96,1123.52,1109.62,1096.22,1083.30,1070.83,1058.79,1047.10,1035.72,1024.64,1013.84,1003.32, 993.06, 983.07, 973.32, 963.81, 954.53, 945.46, 936.61, 927.96, 919.63, 911.54, 903.87, 896.46, 889.40, 882.62, 876.05, 869.60, 863.38, 857.32, 851.62, 846.37, 841.43, 836.68, 832.28, 828.22, 824.84, 822.05, 819.58, 817.57, 815.88, 814.38, 812.96, 812.02, 811.84, 812.33, 813.42, 814.93, 816.50, 818.31, 820.43, 822.84, 825.59, 828.68, 832.21, 836.27, 840.87, 846.03, 851.79, 858.26, 865.40, 873.59, 882.86, 893.62, 906.25,99999.00,99999.00,99999.00,99999.00,99999.00,99999.00,99999.00,99999.00,99999.00,99999.00,99999.00,99999.00,99999.00,99999.00,99999.00,99999.00,99999.00,99999.00,99999.00,99999.00,99999.00,99999.00,99999.00,99999.00,99999.00,99999.00,99999.00,99999.00,99999.00,99999.00,99999.00,99999.00,99999.00,99999.00,99999.00,99999.00,99999.00,99999.00,99999.00,99999.00,99999.00,99999.00,99999.00,99999.00
99999.00,99999.00,99999.00,99999.00,99999.00,99999.00,99999.00,99999.00,99999.00,99999.00,99999.00,99999.00,99999.00,99999.00,99999.00,1270.39,1250.49,1231.81,1214.08,1197.14,1180.89,1165.28,1150.25,1135.78,1121.84,1108.39,1095.42,1082.90,1070.76,1058.93,1047.41,1036.18,1025.25,1014.60,1004.23, 994.13, 984.28, 974.68, 965.33, 956.20, 947.29, 938.59, 930.10, 922.01, 914.19, 906.74, 899.66, 892.90, 886.26, 879.86, 873.63, 867.53, 861.73, 856.36, 851.31, 846.42, 841.88, 837.60, 833.72, 830.56, 827.78, 825.46, 823.51, 821.90, 820.41, 819.02, 818.08, 817.94, 818.47, 819.61, 821.12, 822.74, 824.55, 826.68, 829.15, 831.92, 835.17, 838.83, 842.98, 847.65, 852.97, 858.83, 865.37, 872.73, 880.89, 890.27, 900.97, 913.51,99999.00,99999.00,99999.00,99999.00,99999.00,99999.00,99999.00,99999.00,99999.00,99999.00,99999.00,99999.00,99999.00,99999.00,99999.00,99999.00,99999.00,99999.00,99999.00,99999.00,99999.00,99999.00,99999.00,99999.00,99999.00,99999.00,99999.00,99999.00,99999.00,99999.00,99999.00,99999.00,99999.00,99999.00,99999.00,99999.00,99999.00,99999.00,99999.00,99999.00,99999.00,99999.00,99999.00,99999.00
99999.00,99999.00,99999.00,99999.00,99999.00,99999.00,99999.00,99999.00,99999.00,99999.00,99999.00,99999.00,99999.00,99999.00,99999.00,1264.84,1245.49,1227.34,1210.15,1193.75,1178.04,1162.94,1148.42,1134.42,1120.93,1107.91,1095.32,1083.02,1071.03,1059.34,1047.95,1036.86,1026.06,1015.55,1005.32, 995.35, 985.65, 976.19, 966.97, 957.98, 949.22, 940.67, 932.41, 924.54, 917.06, 909.90, 903.02, 896.43, 890.00, 883.72, 877.65, 871.74, 866.27, 861.11, 856.10, 851.43, 847.01, 842.88, 839.27, 836.23, 833.52, 831.25, 829.38, 827.81, 826.34, 824.98, 824.05, 823.95, 824.53, 825.72, 827.21, 828.89, 830.70, 832.84, 835.32, 838.25, 841.59, 845.31, 849.54, 854.41, 859.75, 865.75, 872.38, 879.77, 888.09, 897.36, 908.04, 920.27, 934.37,99999.00,99999.00,99999.00,99999.00,99999.00,99999.00,99999.00,99999.00,99999.00,99999.00,99999.00,99999.00,99999.00,99999.00,99999.00,99999.00,99999.00,99999.00,99999.00,99999.00,99999.00,99999.00,99999.00,99999.00,99999.00,99999.00,99999.00,99999.00,99999.00,99999.00,99999.00,99999.00,99999.00,99999.00,99999.00,99999.00,99999.00,99999.00,99999.00,99999.00,99999.00,99999.00,99999.00
99999.00,99999.00,99999.00,99999.00,99999.00,99999.00,99999.00,99999.00,99999.00,99999.00,99999.00,99999.00,99999.00,99999.00,99999.00,1260.59,1241.72,1224.06,1207.36,1191.44,1176.20,1161.57,1147.49,1133.93,1120.85,1108.09,1095.60,1083.42,1071.54,1059.96,1048.69,1037.72,1027.04,1016.65,1006.54, 996.70, 987.13, 977.80, 968.71, 959.86, 951.23, 942.90, 934.97, 927.39, 920.11, 913.16, 906.52, 900.03, 893.77, 887.67, 881.70, 876.12, 870.84, 865.72, 860.93, 856.39, 852.12, 848.11, 844.73, 841.71, 839.16, 836.96, 835.16, 833.62, 832.18, 830.85, 829.91, 829.85, 830.48, 831.73, 833.20, 834.88, 836.75, 838.89, 841.47, 844.47, 847.82, 851.70, 856.05, 861.00, 866.47, 872.47, 879.21, 886.64, 894.93, 904.26, 914.66, 926.62, 939.66, 954.31,99999.00,99999.00,99999.00,99999.00,99999.00,99999.00,99999.00,99999.00,99999.00,99999.00,99999.00,99999.00,99999.00,99999.00,99999.00,99999.00,99999.00,99999.00,99999.00,99999.00,99999.00,99999.00,99999.00,99999.00,99999.00,99999.00,99999.00,99999.00,99999.00,99999.00,99999.00,99999.00,99999.00,99999.00,99999.00,99999.00,99999.00,99999.00,99999.00,99999.00,99999.00,99999.00
99999.00,99999.00,99999.00,99999.00,99999.00,99999.00,99999.00,99999.00,99999.00,99999.00,99999.00,99999.00,99999.00,99999.00,99999.00,1257.70,1239.26,1222.04,1205.77,1190.28,1175.47,1161.27,1147.60,1134.37,1121.39,1108.68,1096.27,1084.15,1072.35,1060.87,1049.69,1038.82,1028.25,1017.97,1007.98, 998.26, 988.80, 979.60, 970.64, 961.91, 953.50, 945.46, 937.73, 930.35, 923.30, 916.54, 910.06, 903.75, 897.57, 891.62, 885.91, 880.52, 875.30, 870.39, 865.72, 861.33, 857.19, 853.41, 850.16, 847.22, 844.72, 842.62, 840.84, 839.32, 837.92, 836.63, 835.68, 835.66, 836.34, 837.65, 839.10, 840.76, 842.69, 844.91, 847.54, 850.54, 854.03, 857.98, 862.49, 867.46, 872.99, 879.10, 885.80, 893.29, 901.54, 910.73, 921.07, 932.58, 944.80, 958.55, 973.17, 988.66,1004.39,1020.31,1036.44,1052.77,1069.30,1086.01,1102.92,1120.02,1136.93,1153.52,1170.32,1187.34,1204.60,1222.13,1239.94,1257.58,1275.53,1293.88,1312.68,1331.99,1351.89,1372.47,1393.87,1416.30,1440.05,99999.00,99999.00,99999.00,99999.00,99999.00,99999.00,99999.00,99999.00,99999.00,99999.00,99999.00,99999.00,99999.00,99999.00,99999.00
99999.00,99999.00,99999.00,99999.00,99999.00,99999.00,99999.00,99999.00,99999.00,99999.00,99999.00,99999.00,99999.00,99999.00,99999.00,1256.22,1238.18,1221.35,1205.47,1190.38,1175.97,1162.14,1148.65,1135.39,1122.39,1109.69,1097.29,1085.22,1073.47,1062.05,1050.95,1040.17,1029.70,1019.52,1009.63,1000.02, 990.67, 981.59, 972.74, 964.20, 955.98, 948.14, 940.64, 933.45, 926.59, 920.05, 913.65, 907.47, 901.51, 895.68, 890.17, 884.83, 879.81, 875.03, 870.51, 866.25, 862.23, 858.64, 855.41, 852.64, 850.22, 848.19, 846.42, 844.94, 843.57, 842.31, 841.35, 841.36, 842.10, 843.47, 844.89, 846.54, 848.54, 850.86, 853.48, 856.56, 860.11, 864.13, 868.79, 873.83, 879.37, 885.51, 892.27, 899.67, 907.94, 917.05, 927.15, 938.16, 949.97, 962.88, 976.32, 990.81,1005.54,1020.48,1035.63,1050.98,1066.55,1082.31,1098.27,1114.42,1130.77,1147.32,1164.06,1181.02,1198.21,1215.18,1232.37,1249.87,1267.73,1285.98,1304.67,1323.85,1343.59,1363.99,1385.19,1407.36,1430.79,99999.00,99999.00,99999.00,99999.00,99999.00,99999.00,99999.00,99999.00,99999.00,99999.00,99999.00,99999.00,99999.00,99999.00,99999.00
99999.00,99999.00,99999.00,99999.00,99999.00,99999.00,99999.00,99999.00,99999.00,99999.00,99999.00,99999.00,99999.00,99999.00,99999.00,1257.15,1239.44,1222.93,1207.37,1192.60,1178.49,1164.61,1150.94,1137.52,1124.41,1111.62,1099.16,1087.06,1075.30,1063.88,1052.80,1042.05,1031.61,1021.49,1011.65,1002.10, 992.82, 983.81, 975.05, 966.71, 958.72, 951.06, 943.75, 936.78, 930.10, 923.68, 917.48, 911.43, 905.51, 899.87, 894.40, 889.26, 884.36, 879.73, 875.35, 871.20, 867.40, 863.93, 860.77, 858.04, 855.70, 853.67, 851.93, 850.46, 849.13, 847.89, 846.93, 846.97, 847.76, 849.13, 850.59, 852.30, 854.33, 856.69, 859.37, 862.49, 866.05, 870.25, 874.87, 880.04, 885.62, 891.74, 898.52, 905.99, 914.13, 923.18, 933.10, 943.70, 955.05, 967.23, 980.05, 993.73,1007.71,1021.97,1036.45,1051.15,1066.06,1081.19,1096.51,1112.05,1127.77,1143.70,1159.83,1176.17,1192.74,1209.57,1226.67,1244.08,1261.82,1279.94,1298.49,1317.50,1337.05,1357.21,1378.10,1399.88,1422.79,99999.00,99999.00,99999.00,99999.00,99999.00,99999.00,99999.00,99999.00,99999.00,99999.00,99999.00,99999.00,99999.00,99999.00,99999.00
99999.00,99999.00,99999.00,99999.00,99999.00,99999.00,99999.00,99999.00,99999.00,99999.00,99999.00,99999.00,99999.00,99999.00,99999.00,1260.04,1242.57,1226.30,1210.98,1196.87,1182.64,1168.40,1154.40,1140.72,1127.38,1114.40,1101.81,1089.59,1077.75,1066.28,1055.16,1044.38,1033.94,1023.81,1013.98,1004.44, 995.18, 986.26, 977.74, 969.56, 961.77, 954.32, 947.19, 940.41, 933.95, 927.65, 921.49, 915.47, 909.69, 904.09, 898.82, 893.80, 889.05, 884.55, 880.29, 876.36, 872.60, 869.17, 866.18, 863.53, 861.26, 859.25, 857.51, 855.99, 854.64, 853.38, 852.42, 852.46, 853.31, 854.68, 856.30, 858.00, 859.99, 862.42, 865.18, 868.28, 871.99, 876.23, 880.92, 886.03, 891.72, 897.90, 904.67, 912.11, 920.28, 929.14, 938.91, 949.19, 960.21, 971.83, 984.07, 996.97,1010.35,1024.14,1038.16,1052.42,1066.90,1081.61,1096.53,1111.65,1126.98,1142.51,1158.24,1174.19,1190.37,1206.79,1223.50,1240.51,1257.86,1275.58,1293.73,1312.35,1331.49,1351.24,1371.71,1393.06,1415.52,99999.00,99999.00,99999.00,99999.00,99999.00,99999.00,99999.00,99999.00,99999.00,99999.00,99999.00,99999.00,99999.00,99999.00,99999.00
99999.00,99999.00,99999.00,99999.00,99999.00,99999.00,99999.00,99999.00,99999.00,99999.00,99999.00,99999.00,99999.00,99999.00,99999.00,1263.95,1246.69,1230.63,1216.38,1201.86,1187.35,1172.84,1158.42,1144.38,1130.75,1117.54,1104.76,1092.41,1080.46,1068.91,1057.74,1046.93,1036.46,1026.32,1016.49,1006.96, 997.83, 989.09, 980.75, 972.78, 965.16, 957.90, 951.01, 944.43, 938.00, 931.72, 925.59, 919.67, 913.92, 908.52, 903.37, 898.50, 893.88, 889.50, 885.45, 881.57, 877.91, 874.53, 871.59, 869.02, 866.76, 864.77, 863.05, 861.51, 860.14, 858.84, 857.85, 857.87, 858.79, 860.25, 861.87, 863.59, 865.64, 868.07, 870.86, 874.05, 877.82, 882.06, 886.81, 891.98, 897.66, 903.94, 910.75, 918.15, 926.24, 935.08, 944.60, 954.63, 965.41, 976.62, 988.47,1000.80,1013.62,1027.10,1040.82,1054.79,1069.00,1083.44,1098.11,1113.00,1128.10,1143.40,1158.90,1174.62,1190.57,1206.77,1223.24,1240.03,1257.14,1274.64,1292.56,1310.94,1329.85,1349.35,1369.56,1390.64,1412.82,99999.00,99999.00,99999.00,99999.00,99999.00,99999.00,99999.00,99999.00,99999.00,99999.00,99999.00,99999.00,99999.00,99999.00,99999.00
99999.00,99999.00,99999.00,99999.00,99999.00,99999.00,99999.00,99999.00,99999.00,99999.00,99999.00,99999.00,99999.00,99999.00,99999.00,1268.81,1251.86,1237.35,1222.80,1207.91,1192.80,1177.84,1162.88,1148.39,1134.40,1120.91,1107.92,1095.40,1083.34,1071.70,1060.46,1049.61,1039.11,1028.95,1019.16,1009.77,1000.82, 992.28, 984.11, 976.33, 968.95, 961.89, 955.13, 948.56, 942.16, 935.90, 929.82, 923.93, 918.38, 913.09, 908.09, 903.34, 898.84, 894.67, 890.67, 886.80, 883.17, 879.97, 877.10, 874.62, 872.36, 870.38, 868.61, 867.00, 865.63, 864.29, 863.28, 863.31, 864.29, 865.75, 867.31, 869.18, 871.21, 873.59, 876.43, 879.76, 883.49, 887.86, 892.56, 897.85, 903.58, 909.84, 916.71, 924.12, 932.14, 940.87, 950.33, 960.17, 970.63, 981.55, 993.13,1005.05,1017.53,1030.47,1043.90,1057.70,1071.77,1086.08,1100.64,1115.42,1130.42,1145.63,1161.04,1176.67,1192.52,1208.63,1225.02,1241.71,1258.73,1276.14,1293.96,1312.25,1331.05,1350.44,1370.52,1391.45,1413.46,99999.00,99999.00,99999.00,99999.00,99999.00,99999.00,99999.00,99999.00,99999.00,99999.00,99999.00,99999.00,99999.00,99999.00,99999.00
99999.00,99999.00,99999.00,99999.00,99999.00,99999.00,99999.00,99999.00,99999.00,99999.00,99999.00,99999.00,99999.00,99999.00,99999.00,1275.17,1260.63,1245.75,1230.57,1215.06,1199.12,1183.37,1167.75,1152.72,1138.31,1124.51,1111.28,1098.58,1086.39,1074.65,1063.35,1052.45,1041.92,1031.80,1022.16,1012.97,1004.18, 995.82, 987.88, 980.30, 973.04, 966.10, 959.38, 952.83, 946.43, 940.18, 934.12, 928.42, 922.99, 917.85, 912.97, 908.33, 904.04, 899.92, 895.93, 892.15, 888.58, 885.43, 882.64, 880.16, 877.94, 875.97, 874.18, 872.55, 871.12, 869.78, 868.77, 868.80, 869.83, 871.30, 872.89, 874.65, 876.65, 879.09, 881.95, 885.34, 889.14, 893.48, 898.35, 903.58, 909.41, 915.70, 922.53, 930.00, 938.01, 946.63, 955.96, 965.66, 976.03, 986.73, 998.00,1009.65,1021.90,1034.48,1047.61,1061.20,1075.22,1089.51,1104.06,1118.85,1133.88,1149.12,1164.56,1180.21,1196.10,1212.23,1228.65,1245.37,1262.42,1279.86,1297.71,1316.02,1334.83,1354.22,1374.28,1395.16,1417.11,99999.00,99999.00,99999.00,99999.00,99999.00,99999.00,99999.00,99999.00,99999.00,99999.00,99999.00,99999.00,99999.00,99999.00,99999.00
99999.00,99999.00,99999.00,99999.00,99999.00,99999.00,99999.00,99999.00,99999.00,99999.00,99999.00,99999.00,99999.00,99999.00,99999.00,99999.00,99999.00,99999.00,99999.00,99999.00,1206.37,1189.40,1172.92,1157.26,1142.39,1128.25,1114.77,1101.90,1089.57,1077.74,1066.37,1055.41,1044.97,1035.03,1025.53,1016.51,1007.96, 999.78, 991.97, 984.50, 977.37, 970.47, 963.75, 957.19, 950.76, 944.53, 938.66, 933.08, 927.79, 922.77, 918.00, 913.58, 909.33, 905.22, 901.29, 897.47, 894.08, 891.01, 888.31, 885.83, 883.61, 881.60, 879.81, 878.19, 876.69, 875.34, 874.32, 874.35, 875.40, 876.87, 878.45, 880.13, 882.20, 884.50, 887.37, 890.79, 894.78, 899.12, 903.96, 909.35, 915.11, 921.49, 928.34, 935.75, 943.79, 952.39, 961.60, 971.21, 981.43, 991.99,1003.18,1014.65,1026.64,1039.00,1051.96,1065.26,1079.07,1093.33,1107.97,1122.86,1137.96,1153.25,1168.72,1184.44,1200.40,1216.61,1233.12,1249.94,1267.10,1284.67,1302.66,1321.10,1340.03,1359.51,1379.65,1400.59,1422.56,99999.00,99999.00,99999.00,99999.00,99999.00,99999.00,99999.00,99999.00,99999.00,99999.00,99999.00,99999.00,99999.00,99999.00,99999.00
99999.00,99999.00,99999.00,99999.00,99999.00,99999.00,99999.00,99999.00,99999.00,99999.00,99999.00,99999.00,99999.00,99999.00,99999.00,99999.00,99999.00,99999.00,99999.00,99999.00,99999.00,99999.00,1178.30,1161.96,1146.60,1132.12,1118.40,1105.35,1092.90,1080.98,1069.56,1058.72,1048.39,1038.61,1029.33,1020.49,1012.06,1004.00, 996.30, 988.96, 981.86, 974.96, 968.19, 961.59, 955.18, 949.14, 943.39, 937.94, 932.77, 927.86, 923.30, 918.92, 914.69, 910.64, 906.69, 902.97, 899.63, 896.64, 893.97, 891.57, 889.41, 887.43, 885.60, 883.94, 882.35, 880.96, 879.93, 879.94, 881.02, 882.48, 884.05, 885.75, 887.68, 889.92, 892.77, 896.23, 900.28, 904.75, 909.58, 914.93, 920.85, 927.15, 934.08, 941.49, 949.47, 958.10, 967.27, 976.83, 986.93, 997.42,1008.48,1019.86,1031.83,1044.08,1056.85,1070.00,1083.73,1097.76,1112.27,1127.18,1142.42,1157.82,1173.37,1189.14,1205.14,1221.42,1237.99,1254.89,1272.15,1289.81,1307.92,1326.46,1345.50,1365.11,1385.41,1406.48,1428.55,99999.00,99999.00,99999.00,99999.00,99999.00,99999.00,99999.00,99999.00,99999.00,99999.00,99999.00,99999.00,99999.00,99999.00,99999.00
99999.00,99999.00,99999.00,99999.00,99999.00,99999.00,99999.00,99999.00,99999.00,99999.00,99999.00,99999.00,99999.00,99999.00,99999.00,99999.00,99999.00,99999.00,99999.00,99999.00,99999.00,99999.00,1184.02,1166.94,1151.09,1136.27,1122.29,1109.06,1096.46,1084.49,1073.16,1062.45,1052.33,1042.71,1033.55,1024.82,1016.50,1008.56,1000.99, 993.68, 986.54, 979.57, 972.76, 966.15, 959.92, 954.00, 948.38, 943.05, 937.99, 933.29, 928.77, 924.41, 920.24, 916.17, 912.27, 908.70, 905.46, 902.59, 899.93, 897.53, 895.32, 893.33, 891.50, 889.79, 888.11, 886.65, 885.60, 885.59, 886.68, 888.13, 889.68, 891.35, 893.17, 895.50, 898.23, 901.68, 905.71, 910.24, 915.20, 920.54, 926.41, 932.86, 939.71, 947.20, 955.17, 963.73, 972.93, 982.46, 992.54,1003.00,1013.99,1025.34,1037.25,1049.49,1062.33,1075.46,1089.09,1103.08,1117.60,1132.36,1147.53,1162.99,1178.69,1194.57,1210.64,1226.97,1243.58,1260.54,1277.88,1295.62,1313.81,1332.42,1351.50,1371.13,1391.47,1412.70,1434.94,99999.00,99999.00,99999.00,99999.00,99999.00,99999.00,99999.00,99999.00,99999.00,99999.00,99999.00,99999.00,99999.00,99999.00,99999.00
99999.00,99999.00,99999.00,99999.00,99999.00,99999.00,99999.00,99999.00,99999.00,99999.00,99999.00,99999.00,99999.00,99999.00,99999.00,99999.00,99999.00,99999.00,99999.00,99999.00,99999.00,99999.00,99999.00,1172.05,1155.76,1140.62,1126.41,1112.99,1100.35,1088.48,1077.33,1066.77,1056.76,1047.24,1038.19,1029.58,1021.38,1013.58,1005.99, 998.59, 991.38, 984.34, 977.52, 971.10, 964.98, 959.19, 953.69, 948.47, 943.62, 938.96, 934.45, 930.15, 925.96, 921.94, 918.07, 914.56, 911.40, 908.56, 905.97, 903.62, 901.44, 899.41, 897.53, 895.71, 893.99, 892.43, 891.33, 891.29, 892.38, 893.83, 895.35, 896.99, 898.81, 901.04, 903.79, 907.22, 911.19, 915.66, 920.67, 926.13, 931.99, 938.39, 945.38, 952.81, 960.88, 969.45, 978.59, 988.17, 998.30,1008.77,1019.78,1031.17,1043.08,1055.38,1068.26,1081.49,1095.31,1109.40,1123.94,1138.76,1154.00,1169.34,1184.97,1200.91,1217.13,1233.57,1250.26,1267.27,1284.64,1302.44,1320.70,1339.34,1358.42,1378.00,1398.25,1419.38,1441.73,99999.00,99999.00,99999.00,99999.00,99999.00,99999.00,99999.00,99999.00,99999.00,99999.00,99999.00,99999.00,99999.00,99999.00,99999.00
99999.00,99999.00,99999.00,99999.00,99999.00,99999.00,99999.00,99999.00,99999.00,99999.00,99999.00,99999.00,99999.00,99999.00,99999.00,99999.00,99999.00,99999.00,99999.00,99999.00,99999.00,99999.00,99999.00,1176.88,1160.32,1144.98,1130.63,1117.22,1104.74,1093.01,1081.95,1071.49,1061.59,1052.19,1043.27,1034.82,1026.68,1018.79,1011.12,1003.65, 996.37, 989.32, 982.68, 976.37, 970.38, 964.71, 959.32, 954.31, 949.50, 944.84, 940.40, 936.08, 931.93, 927.88, 924.13, 920.72, 917.67, 914.83, 912.24, 909.84, 907.64, 905.60, 903.67, 901.76, 899.99, 898.32, 897.12, 897.05, 898.13, 899.57, 901.07, 902.66, 904.43, 906.66, 909.52, 912.80, 916.80, 921.16, 926.07, 931.62, 937.63, 944.04, 951.01, 958.59, 966.60, 975.27, 984.44, 994.11,1004.22,1014.77,1025.89,1037.35,1049.38,1061.81,1074.81,1088.23,1102.25,1116.60,1131.51,1146.60,1162.01,1177.48,1193.16,1208.93,1225.03,1241.48,1258.31,1275.44,1292.88,1310.74,1329.02,1347.64,1366.65,1386.08,1406.15,1427.05,1449.16,99999.00,99999.00,99999.00,99999.00,99999.00,99999.00,99999.00,99999.00,99999.00,99999.00,99999.00,99999.00,99999.00,99999.00,99999.00
99999.00,99999.00,99999.00,99999.00,99999.00,99999.00,99999.00,99999.00,99999.00,99999.00,99999.00,99999.00,99999.00,99999.00,99999.00,99999.00,99999.00,99999.00,99999.00,99999.00,99999.00,99999.00,99999.00,1181.52,1164.88,1149.47,1135.17,1121.90,1109.51,1097.89,1086.95,1076.62,1066.85,1057.61,1048.83,1040.33,1032.12,1024.14,1016.39,1008.85,1001.56, 994.70, 988.17, 981.99, 976.12, 970.55, 965.37, 960.40, 955.60, 951.01, 946.55, 942.27, 938.09, 934.03, 930.33, 926.99, 923.98, 921.22, 918.67, 916.29, 914.04, 911.94, 909.89, 907.93, 906.11, 904.33, 903.02, 902.87, 903.93, 905.37, 906.83, 908.38, 910.13, 912.44, 915.19, 918.49, 922.48, 926.90, 931.69, 937.12, 943.22, 949.79, 956.78, 964.34, 972.51, 981.13, 990.41,1000.20,1010.37,1021.06,1032.21,1043.84,1056.06,1068.68,1081.92,1095.64,1109.97,1124.75,1140.11,1155.72,1171.72,1187.60,1203.45,1219.35,1235.49,1251.76,1268.42,1285.48,1303.03,1321.00,1339.34,1357.87,1376.68,1395.83,1415.57,1436.10,1457.84,99999.00,99999.00,99999.00,99999.00,99999.00,99999.00,99999.00,99999.00,99999.00,99999.00,99999.00,99999.00,99999.00,99999.00,99999.00
99999.00,99999.00,99999.00,99999.00,99999.00,99999.00,99999.00,99999.00,99999.00,99999.00,99999.00,99999.00,99999.00,99999.00,99999.00,99999.00,99999.00,99999.00,99999.00,99999.00,99999.00,99999.00,99999.00,1186.49,1169.78,1154.32,1140.12,1126.96,1114.69,1103.20,1092.40,1082.24,1072.64,1063.46,1054.58,1046.00,1037.70,1029.65,1021.83,1014.28,1007.17,1000.42, 994.02, 987.96, 982.20, 976.84, 971.70, 966.74, 962.00, 957.39, 952.98, 948.65, 944.40, 940.46, 936.86, 933.64, 930.63, 927.86, 925.26, 922.84, 920.58, 918.42, 916.26, 914.23, 912.30, 910.47, 909.03, 908.76, 909.79, 911.22, 912.65, 914.15, 915.95, 918.21, 920.99, 924.47, 928.35, 932.76, 937.61, 942.86, 948.83, 955.50, 962.65, 970.24, 978.40, 987.19, 996.44,1006.36,1016.68,1027.54,1038.82,1050.66,1063.02,1075.92,1089.51,1103.59,1118.40,1133.76,1149.80,1166.25,1182.91,1199.55,1215.73,1231.86,1248.04,1264.50,1281.12,1298.16,1315.64,1333.68,1352.16,1370.69,1389.16,1407.82,1426.99,1446.95,1468.12,99999.00,99999.00,99999.00,99999.00,99999.00,99999.00,99999.00,99999.00,99999.00,99999.00,99999.00,99999.00,99999.00,99999.00,99999.00
99999.00,99999.00,99999.00,99999.00,99999.00,99999.00,99999.00,99999.00,99999.00,99999.00,99999.00,99999.00,99999.00,99999.00,99999.00,99999.00,99999.00,99999.00,99999.00,99999.00,99999.00,99999.00,99999.00,1191.72,1174.92,1159.57,1145.50,1132.48,1120.36,1109.04,1098.46,1088.43,1078.78,1069.46,1060.50,1051.84,1043.46,1035.34,1027.51,1020.14,1013.14,1006.52,1000.25, 994.29, 988.74, 983.42, 978.29, 973.39, 968.63, 964.07, 959.60, 955.20, 950.95, 947.06, 943.54, 940.35, 937.41, 934.68, 932.10, 929.63, 927.29, 925.00, 922.77, 920.68, 918.63, 916.73, 915.17, 914.77, 915.70, 917.12, 918.53, 920.02, 921.85, 924.17, 927.08, 930.43, 934.37, 938.81, 943.66, 948.96, 954.68, 961.23, 968.49, 976.25, 984.45, 993.25,1002.69,1012.61,1023.09,1034.13,1045.63,1057.72,1070.30,1083.55,1097.42,1111.99,1127.40,1143.51,1160.40,1177.91,99999.00,99999.00,99999.00,99999.00,99999.00,99999.00,99999.00,99999.00,99999.00,99999.00,99999.00,99999.00,1403.92,1422.05,1440.62,1460.07,1480.46,99999.00,99999.00,99999.00,99999.00,99999.00,99999.00,99999.00,99999.00,99999.00,99999.00,99999.00,99999.00,99999.00,99999.00,99999.00
99999.00,99999.00,99999.00,99999.00,99999.00,99999.00,99999.00,99999.00,99999.00,99999.00,99999.00,99999.00,99999.00,99999.00,99999.00,99999.00,99999.00,99999.00,99999.00,99999.00,99999.00,99999.00,99999.00,1197.37,1180.55,1165.34,1151.42,1138.59,1126.76,1115.64,1105.03,1094.85,1085.06,1075.66,1066.61,1057.88,1049.42,1041.29,1033.65,1026.39,1019.53,1013.02,1006.85,1001.11, 995.60, 990.29, 985.22, 980.30, 975.59, 970.96, 966.41, 961.95, 957.81, 954.02, 950.62, 947.44, 944.49, 941.70, 939.08, 936.58, 934.17, 931.75, 929.45, 927.23, 925.09, 923.14, 921.44, 920.91, 921.72, 923.07, 924.46, 926.02, 927.94, 930.30, 933.14, 936.53, 940.64, 945.02, 949.89, 955.19, 960.96, 967.21, 974.36, 982.24, 990.63, 999.48,1008.95,1019.08,1029.71,1040.84,1052.56,1064.92,1077.81,1091.42,1105.67,1120.78,1136.77,1153.77,1171.74,99999.00,99999.00,99999.00,99999.00,99999.00,99999.00,99999.00,99999.00,99999.00,99999.00,99999.00,99999.00,99999.00,99999.00,1438.26,1455.89,1474.47,1494.48,99999.00,99999.00,99999.00,99999.00,99999.00,99999.00,99999.00,99999.00,99999.00,99999.00,99999.00,99999.00,99999.00,99999.00,99999.00
99999.00,99999.00,99999.00,99999.00,99999.00,99999.00,99999.00,99999.00,99999.00,99999.00,99999.00,99999.00,99999.00,99999.00,99999.00,99999.00,99999.00,99999.00,99999.00,99999.00,99999.00,99999.00,99999.00,1203.43,1186.80,1171.83,1158.25,1145.66,1133.80,1122.53,1111.76,1101.43,1091.56,1082.07,1072.95,1064.14,1055.68,1047.74,1040.20,1033.08,1026.33,1019.94,1013.97,1008.27,1002.77, 997.52, 992.43, 987.56, 982.76, 978.06, 973.44, 968.98, 964.89, 961.18, 957.81, 954.70, 951.80, 949.01, 946.33, 943.74, 941.19, 938.68, 936.29, 933.92, 931.71, 929.69, 927.85, 927.17, 927.86, 929.11, 930.50, 932.16, 934.13, 936.51, 939.40, 942.91, 946.90, 951.48, 956.28, 961.61, 967.38, 973.64, 980.49, 988.27, 996.79,1005.85,1015.39,1025.58,1036.42,1047.79,1059.73,1072.24,1085.45,1099.43,1114.13,1129.78,1146.39,1164.32,99999.00,99999.00,99999.00,99999.00,99999.00,99999.00,99999.00,99999.00,99999.00,99999.00,99999.00,99999.00,99999.00,99999.00,99999.00,99999.00,1473.07,1490.43,1509.41,99999.00,99999.00,99999.00,99999.00,99999.00,99999.00,99999.00,99999.00,99999.00,99999.00,99999.00,99999.00,99999.00,99999.00,99999.00
99999.00,99999.00,99999.00,99999.00,99999.00,99999.00,99999.00,99999.00,99999.00,99999.00,99999.00,99999.00,99999.00,99999.00,99999.00,99999.00,99999.00,99999.00,99999.00,99999.00,99999.00,99999.00,99999.00,1210.44,1194.16,1179.43,1165.82,1153.09,1141.06,1129.60,1118.68,1108.27,1098.31,1088.75,1079.55,1070.74,1062.46,1054.62,1047.22,1040.21,1033.58,1027.39,1021.47,1015.77,1010.34,1005.07,1000.01, 995.05, 990.17, 985.40, 980.72, 976.37, 972.38, 968.79, 965.42, 962.30, 959.34, 956.51, 953.79, 951.12, 948.41, 945.80, 943.26, 940.79, 938.49, 936.40, 934.40, 933.56, 934.13, 935.34, 936.73, 938.45, 940.44, 942.90, 945.83, 949.27, 953.29, 957.92, 962.93, 968.19, 974.00, 980.26, 987.07, 994.56,1003.00,1012.21,1021.98,1032.27,1043.22,1054.77,1066.98,1079.81,1093.32,1107.55,1122.66,1138.81,1156.04,1174.80,99999.00,99999.00,99999.00,99999.00,99999.00,99999.00,99999.00,99999.00,99999.00,99999.00,99999.00,99999.00,99999.00,99999.00,99999.00,99999.00,1494.63,1508.22,1525.85,99999.00,99999.00,99999.00,99999.00,99999.00,99999.00,99999.00,99999.00,99999.00,99999.00,99999.00,99999.00,99999.00,99999.00,99999.00
99999.00,99999.00,99999.00,99999.00,99999.00,99999.00,99999.00,99999.00,99999.00,99999.00,99999.00,99999.00,99999.00,99999.00,99999.00,99999.00,99999.00,99999.00,99999.00,99999.00,99999.00,99999.00,99999.00,1218.63,1202.32,1187.44,1173.66,1160.74,1148.50,1136.89,1125.88,1115.38,1105.35,1095.72,1086.52,1077.88,1069.72,1062.01,1054.73,1047.83,1041.40,1035.25,1029.34,1023.71,1018.25,1012.99,1007.86,1002.80, 997.86, 993.02, 988.33, 984.04, 980.13, 976.57, 973.27, 970.19, 967.23, 964.34, 961.51, 958.68, 955.86, 953.14, 950.41, 947.83, 945.44, 943.21, 941.10, 940.11, 940.60, 941.75, 943.16, 944.91, 946.89, 949.39, 952.34, 955.83, 959.97, 964.50, 969.56, 975.03, 980.78, 987.08, 993.88,1001.31,1009.48,1018.63,1028.58,1039.11,1050.20,1061.96,1074.35,1087.43,1101.28,1115.90,1131.39,1147.86,1165.57,1184.88,99999.00,99999.00,99999.00,99999.00,99999.00,99999.00,99999.00,99999.00,99999.00,99999.00,99999.00,99999.00,99999.00,99999.00,99999.00,99999.00,1520.24,1529.49,1544.07,99999.00,99999.00,99999.00,99999.00,99999.00,99999.00,99999.00,99999.00,99999.00,99999.00,99999.00,99999.00,99999.00,99999.00,99999.00
99999.00,99999.00,99999.00,99999.00,99999.00,99999.00,99999.00,99999.00,99999.00,99999.00,99999.00,99999.00,99999.00,99999.00,99999.00,99999.00,99999.00,99999.00,99999.00,99999.00,99999.00,99999.00,99999.00,1227.29,1210.81,1195.74,1181.76,1168.61,1156.20,1144.51,1133.41,1122.84,1112.74,1103.10,1094.08,1085.55,1077.52,1069.93,1062.76,1056.07,1049.68,1043.54,1037.69,1032.03,1026.56,1021.23,1015.99,1010.87,1005.85,1000.95, 996.38, 992.18, 988.39, 984.83, 981.53, 978.39, 975.39, 972.45, 969.51, 966.50, 963.55, 960.64, 957.77, 955.07, 952.56, 950.14, 947.98, 946.87, 947.26, 948.37, 949.80, 951.58, 953.59, 956.01, 959.03, 962.56, 966.62, 971.31, 976.33, 981.86, 987.82, 994.07,1000.92,1008.30,1016.44,1025.33,1035.24,1045.98,1057.35,1069.33,1081.95,1095.33,1109.46,1124.42,1140.35,1157.29,1175.44,1195.10,99999.00,99999.00,99999.00,99999.00,99999.00,99999.00,99999.00,99999.00,99999.00,99999.00,99999.00,99999.00,99999.00,99999.00,99999.00,99999.00,1546.31,1552.01,1565.80,99999.00,99999.00,99999.00,99999.00,99999.00,99999.00,99999.00,99999.00,99999.00,99999.00,99999.00,99999.00,99999.00,99999.00,99999.00
99999.00,99999.00,99999.00,99999.00,99999.00,99999.00,99999.00,99999.00,99999.00,99999.00,99999.00,99999.00,99999.00,99999.00,99999.00,99999.00,99999.00,99999.00,99999.00,99999.00,99999.00,99999.00,99999.00,1236.33,1219.64,1204.35,1190.11,1176.78,1164.29,1152.50,1141.33,1130.69,1120.58,1111.13,1102.21,1093.82,1085.91,1078.43,1071.46,1064.81,1058.43,1052.36,1046.49,1040.78,1035.23,1029.81,1024.49,1019.29,1014.21,1009.30,1004.78,1000.66, 996.90, 993.42, 990.15, 987.02, 983.95, 980.89, 977.77, 974.61, 971.51, 968.37, 965.35, 962.50, 959.82, 957.29, 955.08, 953.83, 954.12, 955.20, 956.64, 958.45, 960.50, 962.90, 965.84, 969.36, 973.48, 978.21, 983.34, 988.83, 994.85,1001.33,1008.14,1015.57,1023.65,1032.53,1042.22,1052.95,1064.57,1076.85,1089.81,1103.50,1117.98,1133.37,1149.70,1167.10,1185.78,1205.96,99999.00,99999.00,99999.00,99999.00,99999.00,99999.00,99999.00,99999.00,99999.00,99999.00,99999.00,99999.00,99999.00,99999.00,99999.00,99999.00,1572.93,1578.21,1588.16,99999.00,99999.00,99999.00,99999.00,99999.00,99999.00,99999.00,99999.00,99999.00,99999.00,99999.00,99999.00,99999.00,99999.00,99999.00
99999.00,99999.00,99999.00,99999.00,99999.00,99999.00,99999.00,99999.00,99999.00,99999.00,99999.00,99999.00,99999.00,99999.00,99999.00,99999.00,99999.00,99999.00,99999.00,99999.00,99999.00,99999.00,99999.00,1245.78,1228.83,1213.24,1198.81,1185.39,1172.81,1160.96,1149.72,1139.07,1129.14,1119.79,1111.01,1102.74,1094.93,1087.66,1080.73,1074.09,1067.78,1061.68,1055.72,1049.94,1044.30,1038.79,1033.40,1028.13,1022.98,1018.19,1013.77,1009.76,1006.01,1002.51, 999.19, 996.02, 992.90, 989.71, 986.38, 983.05, 979.70, 976.37, 973.16, 970.15, 967.23, 964.71, 962.40, 961.01, 961.18, 962.24, 963.69, 965.52, 967.62, 970.04, 972.91, 976.42, 980.51, 985.25, 990.44, 996.05,1002.05,1008.60,1015.65,1023.05,1031.15,1040.01,1049.71,1060.25,1071.90,1084.48,1097.78,1111.90,1126.86,1142.74,1159.59,1177.59,1196.81,1217.54,99999.00,99999.00,99999.00,99999.00,99999.00,99999.00,99999.00,99999.00,99999.00,99999.00,99999.00,99999.00,99999.00,99999.00,99999.00,99999.00,1600.25,1605.06,1612.01,99999.00,99999.00,99999.00,99999.00,99999.00,99999.00,99999.00,99999.00,99999.00,99999.00,99999.00,99999.00,99999.00,99999.00,99999.00
99999.00,99999.00,99999.00,99999.00,99999.00,99999.00,99999.00,99999.00,99999.00,99999.00,99999.00,99999.00,99999.00,99999.00,99999.00,99999.00,99999.00,99999.00,99999.00,99999.00,99999.00,99999.00,99999.00,1255.64,1238.35,1222.56,1208.04,1194.53,1181.89,1169.96,1158.71,1148.24,1138.42,1129.21,1120.55,1112.38,1104.78,1097.55,1090.63,1084.06,1077.71,1071.48,1065.44,1059.57,1053.85,1048.25,1042.79,1037.45,1032.30,1027.55,1023.22,1019.25,1015.56,1012.11,1008.79,1005.55,1002.31, 998.91, 995.39, 991.85, 988.21, 984.64, 981.22, 977.96, 974.98, 972.36, 969.96, 968.40, 968.45, 969.49, 970.95, 972.79, 974.93, 977.39, 980.24, 983.69, 987.75, 992.46, 997.69,1003.36,1009.49,1016.03,1023.17,1030.82,1038.88,1047.79,1057.49,1068.08,1079.58,1092.28,1105.93,1120.49,1135.97,1152.50,1170.08,1188.75,1208.73,1230.13,99999.00,99999.00,99999.00,99999.00,99999.00,99999.00,99999.00,99999.00,99999.00,99999.00,99999.00,99999.00,99999.00,99999.00,99999.00,99999.00,1628.47,1632.75,1639.56,99999.00,99999.00,99999.00,99999.00,99999.00,99999.00,99999.00,99999.00,99999.00,99999.00,99999.00,99999.00,99999.00,99999.00,99999.00
99999.00,99999.00,99999.00,99999.00,99999.00,99999.00,99999.00,99999.00,99999.00,99999.00,99999.00,99999.00,99999.00,99999.00,99999.00,99999.00,99999.00,99999.00,99999.00,99999.00,99999.00,99999.00,99999.00,1265.88,1248.38,1232.51,1217.89,1204.32,1191.60,1179.66,1168.60,1158.24,1148.55,1139.46,1130.90,1122.95,1115.39,1108.17,1101.31,1094.65,1088.17,1081.86,1075.73,1069.78,1063.97,1058.30,1052.76,1047.36,1042.32,1037.68,1033.46,1029.49,1025.80,1022.28,1018.92,1015.63,1012.26,1008.62,1004.86,1000.99, 997.06, 993.22, 989.54, 986.05, 983.03, 980.26, 977.75, 976.00, 975.92, 976.95, 978.40, 980.26, 982.43, 984.94, 987.82, 991.20, 995.27, 999.97,1005.18,1010.85,1017.03,1023.71,1030.85,1038.62,1046.94,1055.80,1065.58,1076.22,1087.81,1100.42,1114.34,1129.30,1145.36,1162.61,1181.03,1200.69,1221.58,1243.90,99999.00,99999.00,99999.00,99999.00,99999.00,99999.00,99999.00,99999.00,99999.00,99999.00,99999.00,99999.00,99999.00,99999.00,99999.00,99999.00,1657.89,1661.51,1668.01,99999.00,99999.00,99999.00,99999.00,99999.00,99999.00,99999.00,99999.00,99999.00,99999.00,99999.00,99999.00,99999.00,99999.00,99999.00
99999.00,99999.00,99999.00,99999.00,99999.00,99999.00,99999.00,99999.00,99999.00,99999.00,99999.00,99999.00,99999.00,99999.00,99999.00,99999.00,99999.00,99999.00,99999.00,99999.00,99999.00,99999.00,99999.00,1276.77,1259.19,1243.22,1228.54,1214.89,1202.16,1190.41,1179.45,1169.23,1159.66,1150.67,1142.33,1134.41,1126.86,1119.71,1112.70,1105.94,1099.33,1092.93,1086.72,1080.69,1074.79,1069.04,1063.44,1058.03,1053.05,1048.48,1044.30,1040.40,1036.75,1033.22,1029.78,1026.40,1022.81,1018.93,1014.87,1010.58,1006.29,1002.11, 998.10, 994.52, 991.33, 988.39, 985.77, 983.82, 983.61, 984.60, 986.04, 987.91, 990.12, 992.66, 995.60, 998.96,1002.98,1007.67,1012.99,1018.66,1024.83,1031.55,1038.80,1046.58,1055.04,1064.16,1073.92,1084.67,1096.35,1109.11,1123.01,1138.40,1155.05,1173.04,1192.50,1213.42,99999.00,99999.00,99999.00,99999.00,99999.00,99999.00,99999.00,99999.00,99999.00,99999.00,99999.00,99999.00,99999.00,99999.00,99999.00,99999.00,99999.00,99999.00,99999.00,99999.00,1697.56,99999.00,99999.00,99999.00,99999.00,99999.00,99999.00,99999.00,99999.00,99999.00,99999.00,99999.00,99999.00,99999.00,99999.00,99999.00
99999.00,99999.00,99999.00,99999.00,99999.00,99999.00,99999.00,99999.00,99999.00,99999.00,99999.00,99999.00,99999.00,99999.00,99999.00,99999.00,99999.00,99999.00,99999.00,99999.00,99999.00,99999.00,99999.00,1288.63,1270.95,1254.92,1240.16,1226.51,1213.96,1202.32,1191.49,1181.39,1171.93,1163.15,1154.84,1146.93,1139.39,1132.05,1124.95,1118.06,1111.36,1104.88,1098.59,1092.46,1086.49,1080.68,1075.01,1069.72,1064.83,1060.38,1056.20,1052.25,1048.51,1044.89,1041.37,1037.91,1034.17,1029.97,1025.44,1020.69,1015.94,1011.33,1007.04,1003.30, 999.86, 996.74, 994.01, 991.85, 991.49, 992.44, 993.87, 995.74, 997.98,1000.57,1003.55,1006.96,1010.93,1015.64,1021.00,1026.79,1032.98,1039.71,1047.01,1054.90,1063.37,1072.58,1082.61,1093.37,1105.20,1118.09,1132.22,1147.71,1164.95,1183.78,1204.40,99999.00,99999.00,99999.00,99999.00,99999.00,99999.00,99999.00,99999.00,99999.00,99999.00,99999.00,99999.00,99999.00,99999.00,99999.00,99999.00,99999.00,99999.00,99999.00,99999.00,99999.00,99999.00,99999.00,99999.00,99999.00,99999.00,99999.00,99999.00,99999.00,99999.00,99999.00,99999.00,99999.00,99999.00,99999.00,99999.00,99999.00
99999.00,99999.00,99999.00,99999.00,99999.00,99999.00,99999.00,99999.00,99999.00,99999.00,99999.00,99999.00,99999.00,99999.00,99999.00,99999.00,99999.00,99999.00,99999.00,99999.00,99999.00,99999.00,99999.00,1301.72,1283.97,1267.86,1253.10,1239.63,1227.19,1215.68,1204.97,1194.98,1185.72,1176.98,1168.69,1160.69,1153.02,1145.53,1138.33,1131.31,1124.53,1117.96,1111.59,1105.38,1099.33,1093.45,1087.77,1082.54,1077.73,1073.32,1069.08,1065.04,1061.21,1057.50,1053.90,1050.36,1046.52,1041.91,1036.74,1031.37,1026.03,1020.91,1016.40,1012.34,1008.63,1005.31,1002.48,1000.07, 999.56,1000.47,1001.87,1003.74,1006.01,1008.63,1011.66,1015.14,1019.11,1023.79,1029.21,1035.12,1041.45,1048.21,1055.55,1063.51,1072.11,1081.33,1091.48,1102.50,1114.36,1127.43,1141.74,1157.55,1175.02,1194.70,99999.00,99999.00,99999.00,99999.00,99999.00,99999.00,99999.00,99999.00,99999.00,99999.00,99999.00,99999.00,99999.00,99999.00,99999.00,99999.00,99999.00,99999.00,99999.00,99999.00,99999.00,99999.00,99999.00,99999.00,99999.00,99999.00,99999.00,99999.00,99999.00,99999.00,99999.00,99999.00,99999.00,99999.00,99999.00,99999.00,99999.00,99999.00
99999.00,99999.00,99999.00,99999.00,99999.00,99999.00,99999.00,99999.00,99999.00,99999.00,99999.00,99999.00,99999.00,99999.00,99999.00,99999.00,99999.00,99999.00,99999.00,99999.00,99999.00,99999.00,99999.00,1316.48,1298.66,1282.54,1267.96,1254.60,1242.30,1230.90,1220.31,1210.52,1201.30,1192.57,1184.08,1175.97,1168.12,1160.54,1153.21,1146.10,1139.23,1132.59,1126.12,1119.83,1113.72,1107.77,1102.22,1096.96,1092.04,1087.52,1083.19,1079.06,1075.14,1071.35,1067.66,1064.05,1060.09,1054.96,1048.92,1042.68,1036.55,1030.96,1026.07,1021.61,1017.59,1014.08,1011.15,1008.48,1007.81,1008.65,1010.02,1011.90,1014.18,1016.84,1019.93,1023.47,1027.51,1032.16,1037.63,1043.63,1050.10,1057.03,1064.43,1072.45,1081.13,1090.50,1100.65,1111.81,1123.95,1137.06,1151.58,1167.60,1185.46,1205.52,99999.00,99999.00,99999.00,99999.00,99999.00,99999.00,99999.00,99999.00,99999.00,99999.00,99999.00,99999.00,99999.00,99999.00,99999.00,99999.00,99999.00,99999.00,99999.00,99999.00,99999.00,99999.00,99999.00,99999.00,99999.00,99999.00,99999.00,99999.00,99999.00,99999.00,99999.00,99999.00,99999.00,99999.00,99999.00,99999.00,99999.00,99999.00
99999.00,99999.00,99999.00,99999.00,99999.00,99999.00,99999.00,99999.00,99999.00,99999.00,99999.00,99999.00,99999.00,99999.00,99999.00,99999.00,99999.00,99999.00,99999.00,99999.00,99999.00,99999.00,99999.00,99999.00,99999.00,99999.00,99999.00,99999.00,99999.00,99999.00,99999.00,99999.00,99999.00,99999.00,99999.00,99999.00,99999.00,99999.00,99999.00,99999.00,99999.00,99999.00,99999.00,99999.00,99999.00,99999.00,99999.00,99999.00,99999.00,99999.00,99999.00,99999.00,99999.00,99999.00,99999.00,99999.00,99999.00,99999.00,1062.14,1054.64,1047.54,1041.40,1035.95,1031.04,1026.72,1023.02,1019.87,1017.05,1016.21,1016.98,1018.32,1020.19,1022.49,1025.19,1028.32,1031.93,1036.06,1040.75,1046.21,1052.34,1058.93,1066.01,1073.61,1081.71,1090.48,1099.96,1110.25,1121.42,1133.68,1147.06,1161.61,1177.82,1195.89,1216.30,99999.00,99999.00,99999.00,99999.00,99999.00,99999.00,99999.00,99999.00,99999.00,99999.00,99999.00,99999.00,99999.00,99999.00,99999.00,99999.00,99999.00,99999.00,99999.00,99999.00,99999.00,99999.00,99999.00,99999.00,99999.00,99999.00,99999.00,99999.00,99999.00,99999.00,99999.00,99999.00,99999.00,99999.00,99999.00,99999.00,99999.00,99999.00
99999.00,99999.00,99999.00,99999.00,99999.00,99999.00,99999.00,99999.00,99999.00,99999.00,99999.00,99999.00,99999.00,99999.00,99999.00,99999.00,99999.00,99999.00,99999.00,99999.00,99999.00,99999.00,99999.00,99999.00,99999.00,99999.00,99999.00,99999.00,99999.00,99999.00,99999.00,99999.00,99999.00,99999.00,99999.00,99999.00,99999.00,99999.00,99999.00,99999.00,99999.00,99999.00,99999.00,99999.00,99999.00,99999.00,99999.00,99999.00,99999.00,99999.00,99999.00,99999.00,99999.00,99999.00,99999.00,99999.00,99999.00,99999.00,99999.00,1066.91,1059.00,1052.08,1045.96,1040.59,1035.96,1032.09,1028.63,1025.77,1024.74,1025.44,1026.74,1028.62,1030.92,1033.65,1036.84,1040.52,1044.74,1049.52,1055.00,1061.22,1067.96,1075.20,1082.98,1091.31,1100.18,1109.76,1120.16,1131.47,1143.73,1157.22,1172.02,1188.23,1206.45,1227.02,99999.00,99999.00,99999.00,99999.00,99999.00,99999.00,99999.00,99999.00,99999.00,99999.00,99999.00,99999.00,99999.00,99999.00,99999.00,99999.00,99999.00,99999.00,99999.00,99999.00,99999.00,99999.00,99999.00,99999.00,99999.00,99999.00,99999.00,99999.00,99999.00,99999.00,99999.00,99999.00,99999.00,99999.00,99999.00,99999.00,99999.00,99999.00
99999.00,99999.00,99999.00,99999.00,99999.00,99999.00,99999.00,99999.00,99999.00,99999.00,99999.00,99999.00,99999.00,99999.00,99999.00,99999.00,99999.00,99999.00,99999.00,99999.00,99999.00,99999.00,99999.00,99999.00,99999.00,99999.00,99999.00,99999.00,99999.00,99999.00,99999.00,99999.00,99999.00,99999.00,99999.00,99999.00,99999.00,99999.00,99999.00,99999.00,99999.00,99999.00,99999.00,99999.00,99999.00,99999.00,99999.00,99999.00,99999.00,99999.00,99999.00,99999.00,99999.00,99999.00,99999.00,99999.00,99999.00,99999.00,99999.00,99999.00,1070.57,1062.77,1055.98,1050.16,1045.26,1041.12,1037.48,1034.59,1033.38,1034.01,1035.28,1037.15,1039.45,1042.21,1045.46,1049.22,1053.53,1058.45,1064.00,1070.31,1077.17,1084.60,1092.58,1101.13,1110.26,1119.98,1130.49,1141.91,1154.30,1167.76,1182.65,1199.08,1217.25,1237.91,99999.00,99999.00,99999.00,99999.00,99999.00,99999.00,99999.00,99999.00,99999.00,99999.00,99999.00,99999.00,99999.00,99999.00,99999.00,99999.00,99999.00,99999.00,99999.00,99999.00,99999.00,99999.00,99999.00,99999.00,99999.00,99999.00,99999.00,99999.00,99999.00,99999.00,99999.00,99999.00,99999.00,99999.00,99999.00,99999.00,99999.00,99999.00
99999.00,99999.00,99999.00,99999.00,99999.00,99999.00,99999.00,99999.00,99999.00,99999.00,99999.00,99999.00,99999.00,99999.00,99999.00,99999.00,99999.00,99999.00,99999.00,99999.00,99999.00,99999.00,99999.00,99999.00,99999.00,99999.00,99999.00,99999.00,99999.00,99999.00,99999.00,99999.00,99999.00,99999.00,99999.00,99999.00,99999.00,99999.00,99999.00,99999.00,99999.00,99999.00,99999.00,99999.00,99999.00,99999.00,99999.00,99999.00,99999.00,99999.00,99999.00,99999.00,99999.00,99999.00,99999.00,99999.00,99999.00,99999.00,99999.00,99999.00,1081.71,1073.24,1065.88,1059.68,1054.56,1050.08,1046.38,1043.50,1042.11,1042.66,1043.90,1045.78,1048.08,1050.86,1054.16,1058.01,1062.43,1067.48,1073.18,1079.60,1086.59,1094.19,1102.41,1111.21,1120.62,1130.64,1141.31,1152.85,1165.33,1178.90,1193.73,1210.21,1228.56,1249.12,99999.00,99999.00,99999.00,99999.00,99999.00,99999.00,99999.00,99999.00,99999.00,99999.00,99999.00,99999.00,99999.00,99999.00,99999.00,99999.00,99999.00,99999.00,99999.00,99999.00,99999.00,99999.00,99999.00,99999.00,99999.00,99999.00,99999.00,99999.00,99999.00,99999.00,99999.00,99999.00,99999.00,99999.00,99999.00,99999.00,99999.00,99999.00
99999.00,99999.00,99999.00,99999.00,99999.00,99999.00,99999.00,99999.00,99999.00,99999.00,99999.00,99999.00,99999.00,99999.00,99999.00,99999.00,99999.00,99999.00,99999.00,99999.00,99999.00,99999.00,99999.00,99999.00,99999.00,99999.00,99999.00,99999.00,99999.00,99999.00,99999.00,99999.00,99999.00,99999.00,99999.00,99999.00,99999.00,99999.00,99999.00,99999.00,99999.00,99999.00,99999.00,99999.00,99999.00,99999.00,99999.00,99999.00,99999.00,99999.00,99999.00,99999.00,99999.00,99999.00,99999.00,99999.00,99999.00,99999.00,99999.00,99999.00,1092.28,1083.21,1075.55,1069.08,1063.68,1059.03,1055.32,1052.47,1050.88,1051.37,1052.59,1054.49,1056.81,1059.58,1062.93,1066.87,1071.41,1076.61,1082.49,1089.07,1096.22,1104.01,1112.47,1121.58,1131.31,1141.67,1152.69,1164.41,1176.99,1190.63,1205.54,1221.93,1240.28,1260.95,99999.00,99999.00,99999.00,99999.00,99999.00,99999.00,99999.00,99999.00,99999.00,99999.00,99999.00,99999.00,99999.00,99999.00,99999.00,99999.00,99999.00,99999.00,99999.00,99999.00,99999.00,99999.00,99999.00,99999.00,99999.00,99999.00,99999.00,99999.00,99999.00,99999.00,99999.00,99999.00,99999.00,99999.00,99999.00,99999.00,99999.00,99999.00
99999.00,99999.00,99999.00,99999.00,99999.00,99999.00,99999.00,99999.00,99999.00,99999.00,99999.00,99999.00,99999.00,99999.00,99999.00,99999.00,99999.00,99999.00,99999.00,99999.00,99999.00,99999.00,99999.00,99999.00,99999.00,99999.00,99999.00,99999.00,99999.00,99999.00,99999.00,99999.00,99999.00,99999.00,99999.00,99999.00,99999.00,99999.00,99999.00,99999.00,99999.00,99999.00,99999.00,99999.00,99999.00,99999.00,99999.00,99999.00,99999.00,99999.00,99999.00,99999.00,99999.00,99999.00,99999.00,99999.00,99999.00,99999.00,99999.00,99999.00,1102.28,1092.92,1085.13,1078.44,1072.72,1068.01,1064.31,1061.47,1059.71,1060.14,1061.34,1063.27,1065.62,1068.36,1071.77,1075.79,1080.46,1085.82,1091.90,1098.66,1106.04,1114.06,1122.79,1132.24,1142.39,1153.16,1164.60,1176.69,1189.44,1203.16,1218.11,1234.54,1252.76,1273.41,99999.00,99999.00,99999.00,99999.00,99999.00,99999.00,99999.00,99999.00,99999.00,99999.00,99999.00,99999.00,99999.00,99999.00,99999.00,99999.00,99999.00,99999.00,99999.00,99999.00,99999.00,99999.00,99999.00,99999.00,99999.00,99999.00,99999.00,99999.00,99999.00,99999.00,99999.00,99999.00,99999.00,99999.00,99999.00,99999.00,99999.00,99999.00
99999.00,99999.00,99999.00,99999.00,99999.00,99999.00,99999.00,99999.00,99999.00,99999.00,99999.00,99999.00,99999.00,99999.00,99999.00,99999.00,99999.00,99999.00,99999.00,99999.00,99999.00,99999.00,99999.00,99999.00,99999.00,99999.00,99999.00,99999.00,99999.00,99999.00,99999.00,99999.00,99999.00,99999.00,99999.00,99999.00,99999.00,99999.00,99999.00,99999.00,99999.00,99999.00,99999.00,99999.00,99999.00,99999.00,99999.00,99999.00,99999.00,99999.00,99999.00,99999.00,99999.00,99999.00,99999.00,99999.00,99999.00,99999.00,99999.00,99999.00,1112.02,1102.52,1094.57,1087.63,1081.73,1077.02,1073.36,1070.52,1068.59,1068.96,1070.15,1072.12,1074.49,1077.23,1080.65,1084.76,1089.56,1095.09,1101.38,1108.35,1115.98,1124.31,1133.38,1143.23,1153.87,1165.22,1177.19,1189.78,1202.90,1216.76,1231.78,1248.26,1266.52,1287.00,99999.00,99999.00,99999.00,99999.00,99999.00,99999.00,99999.00,99999.00,99999.00,99999.00,99999.00,99999.00,99999.00,99999.00,99999.00,99999.00,99999.00,99999.00,99999.00,99999.00,99999.00,99999.00,99999.00,99999.00,99999.00,99999.00,99999.00,99999.00,99999.00,99999.00,99999.00,99999.00,99999.00,99999.00,99999.00,99999.00,99999.00,99999.00
99999.00,99999.00,99999.00,99999.00,99999.00,99999.00,99999.00,99999.00,99999.00,99999.00,99999.00,99999.00,99999.00,99999.00,99999.00,99999.00,99999.00,99999.00,99999.00,99999.00,99999.00,99999.00,99999.00,99999.00,99999.00,99999.00,99999.00,99999.00,99999.00,99999.00,99999.00,99999.00,99999.00,99999.00,99999.00,99999.00,99999.00,99999.00,99999.00,99999.00,99999.00,99999.00,99999.00,99999.00,99999.00,99999.00,99999.00,99999.00,99999.00,99999.00,99999.00,99999.00,99999.00,99999.00,99999.00,99999.00,99999.00,99999.00,99999.00,99999.00,1121.65,1111.99,1103.78,1096.71,1090.77,1086.08,1082.43,1079.60,1077.50,1077.82,1079.01,1081.01,1083.41,1086.16,1089.57,1093.76,1098.69,1104.39,1110.91,1118.09,1125.99,1134.68,1144.19,1154.55,1165.81,1177.89,1190.68,1203.95,1217.59,1231.85,1247.02,1263.54,1281.82,1302.31,99999.00,99999.00,99999.00,99999.00,99999.00,99999.00,99999.00,99999.00,99999.00,99999.00,99999.00,99999.00,99999.00,99999.00,99999.00,99999.00,99999.00,99999.00,99999.00,99999.00,99999.00,99999.00,99999.00,99999.00,99999.00,99999.00,99999.00,99999.00,99999.00,99999.00,99999.00,99999.00,99999.00,99999.00,99999.00,99999.00,99999.00,99999.00
99999.00,99999.00,99999.00,99999.00,99999.00,99999.00,99999.00,99999.00,99999.00,99999.00,99999.00,99999.00,99999.00,99999.00,99999.00,99999.00,99999.00,99999.00,99999.00,99999.00,99999.00,99999.00,99999.00,99999.00,99999.00,99999.00,99999.00,99999.00,99999.00,99999.00,99999.00,99999.00,99999.00,99999.00,99999.00,99999.00,99999.00,99999.00,99999.00,99999.00,99999.00,99999.00,99999.00,99999.00,99999.00,99999.00,99999.00,99999.00,99999.00,99999.00,99999.00,99999.00,99999.00,99999.00,99999.00,99999.00,99999.00,99999.00,99999.00,99999.00,1131.13,1121.23,1112.89,1105.76,1099.82,1095.17,1091.53,1088.70,1086.44,1086.71,1087.90,1089.96,1092.38,1095.17,1098.53,1102.76,1107.81,1113.69,1120.43,1127.84,1136.03,1145.09,1155.11,1166.13,1178.21,1191.32,99999.00,99999.00,99999.00,99999.00,99999.00,99999.00,99999.00,99999.00,99999.00,99999.00,99999.00,99999.00,99999.00,99999.00,99999.00,99999.00,99999.00,99999.00,99999.00,99999.00,99999.00,99999.00,99999.00,99999.00,99999.00,99999.00,99999.00,99999.00,99999.00,99999.00,99999.00,99999.00,99999.00,99999.00,99999.00,99999.00,99999.00,99999.00,99999.00,99999.00,99999.00,99999.00,99999.00,99999.00,99999.00,99999.00
99999.00,99999.00,99999.00,99999.00,99999.00,99999.00,99999.00,99999.00,99999.00,99999.00,99999.00,99999.00,99999.00,99999.00,99999.00,99999.00,99999.00,99999.00,99999.00,99999.00,99999.00,99999.00,99999.00,99999.00,99999.00,99999.00,99999.00,99999.00,99999.00,99999.00,99999.00,99999.00,99999.00,99999.00,99999.00,99999.00,99999.00,99999.00,99999.00,99999.00,99999.00,99999.00,99999.00,99999.00,99999.00,99999.00,99999.00,99999.00,99999.00,99999.00,99999.00,99999.00,99999.00,99999.00,99999.00,99999.00,99999.00,99999.00,99999.00,99999.00,1140.38,1130.35,1121.96,1114.83,1108.91,1104.28,1100.65,1097.83,1095.40,1095.63,1096.83,1098.94,1101.37,1104.20,1107.52,1111.76,1116.92,1122.96,1129.85,1137.52,1146.02,1155.47,1166.02,1177.81,1190.95,99999.00,99999.00,99999.00,99999.00,99999.00,99999.00,99999.00,99999.00,99999.00,99999.00,99999.00,99999.00,99999.00,99999.00,99999.00,99999.00,99999.00,99999.00,99999.00,99999.00,99999.00,99999.00,99999.00,99999.00,99999.00,99999.00,99999.00,99999.00,99999.00,99999.00,99999.00,99999.00,99999.00,99999.00,99999.00,99999.00,99999.00,99999.00,99999.00,99999.00,99999.00,99999.00,99999.00,99999.00,99999.00,99999.00,99999.00
99999.00,99999.00,99999.00,99999.00,99999.00,99999.00,99999.00,99999.00,99999.00,99999.00,99999.00,99999.00,99999.00,99999.00,99999.00,99999.00,99999.00,99999.00,99999.00,99999.00,99999.00,99999.00,99999.00,99999.00,99999.00,99999.00,99999.00,99999.00,99999.00,99999.00,99999.00,99999.00,99999.00,99999.00,99999.00,99999.00,99999.00,99999.00,99999.00,99999.00,99999.00,99999.00,99999.00,99999.00,99999.00,99999.00,99999.00,99999.00,99999.00,99999.00,99999.00,99999.00,99999.00,99999.00,99999.00,99999.00,99999.00,99999.00,99999.00,99999.00,1149.51,1139.43,1131.04,1123.90,1118.02,1113.40,1109.78,1106.88,1104.38,1104.57,1105.78,1107.94,1110.37,1113.24,1116.58,1120.75,1125.97,1132.16,1139.19,1147.05,1155.85,1165.69,1176.77,1189.34,99999.00,99999.00,99999.00,99999.00,99999.00,99999.00,99999.00,99999.00,99999.00,99999.00,99999.00,99999.00,99999.00,99999.00,99999.00,99999.00,99999.00,99999.00,99999.00,99999.00,99999.00,99999.00,99999.00,99999.00,99999.00,99999.00,99999.00,99999.00,99999.00,99999.00,99999.00,99999.00,99999.00,99999.00,99999.00,99999.00,99999.00,99999.00,99999.00,99999.00,99999.00,99999.00,99999.00,99999.00,99999.00,99999.00,99999.00,99999.00
99999.00,99999.00,99999.00,99999.00,99999.00,99999.00,99999.00,99999.00,99999.00,99999.00,99999.00,99999.00,99999.00,99999.00,99999.00,99999.00,99999.00,99999.00,99999.00,99999.00,99999.00,99999.00,99999.00,99999.00,99999.00,99999.00,99999.00,99999.00,99999.00,99999.00,99999.00,99999.00,99999.00,99999.00,99999.00,99999.00,99999.00,99999.00,99999.00,99999.00,99999.00,99999.00,99999.00,99999.00,99999.00,99999.00,99999.00,99999.00,99999.00,99999.00,99999.00,99999.00,99999.00,99999.00,99999.00,99999.00,99999.00,99999.00,99999.00,99999.00,1158.60,1148.51,1140.11,1133.00,1127.14,1122.54,1118.92,1115.86,1113.37,1113.52,1114.74,1116.96,1119.39,1122.26,1125.66,1129.71,1134.94,1141.25,1148.38,1156.40,1165.42,1175.62,1187.18,1200.50,99999.00,99999.00,99999.00,99999.00,99999.00,99999.00,99999.00,99999.00,99999.00,99999.00,99999.00,99999.00,99999.00,99999.00,99999.00,99999.00,99999.00,99999.00,99999.00,99999.00,99999.00,99999.00,99999.00,99999.00,99999.00,99999.00,99999.00,99999.00,99999.00,99999.00,99999.00,99999.00,99999.00,99999.00,99999.00,99999.00,99999.00,99999.00,99999.00,99999.00,99999.00,99999.00,99999.00,99999.00,99999.00,99999.00,99999.00,99999.00
99999.00,99999.00,99999.00,99999.00,99999.00,99999.00,99999.00,99999.00,99999.00,99999.00,99999.00,99999.00,99999.00,99999.00,99999.00,99999.00,99999.00,99999.00,99999.00,99999.00,99999.00,99999.00,99999.00,99999.00,99999.00,99999.00,99999.00,99999.00,99999.00,99999.00,99999.00,99999.00,99999.00,99999.00,99999.00,99999.00,99999.00,99999.00,99999.00,99999.00,99999.00,99999.00,99999.00,99999.00,99999.00,99999.00,99999.00,99999.00,99999.00,99999.00,99999.00,99999.00,99999.00,99999.00,99999.00,99999.00,99999.00,99999.00,99999.00,99999.00,1167.68,1157.59,1149.22,1142.11,1136.27,1131.67,1127.97,1124.84,1122.36,1122.47,1123.70,1125.95,1128.39,1131.28,1134.70,1138.73,1143.85,1150.20,1157.41,1165.53,1174.71,1185.15,1197.14,1210.96,99999.00,99999.00,99999.00,99999.00,99999.00,99999.00,99999.00,99999.00,99999.00,99999.00,99999.00,99999.00,99999.00,99999.00,99999.00,99999.00,99999.00,99999.00,99999.00,99999.00,99999.00,99999.00,99999.00,99999.00,99999.00,99999.00,99999.00,99999.00,99999.00,99999.00,99999.00,99999.00,99999.00,99999.00,99999.00,99999.00,99999.00,99999.00,99999.00,99999.00,99999.00,99999.00,99999.00,99999.00,99999.00,99999.00,99999.00,99999.00
99999.00,99999.00,99999.00,99999.00,99999.00,99999.00,99999.00,99999.00,99999.00,99999.00,99999.00,99999.00,99999.00,99999.00,99999.00,99999.00,99999.00,99999.00,99999.00,99999.00,99999.00,99999.00,99999.00,99999.00,99999.00,99999.00,99999.00,99999.00,99999.00,99999.00,99999.00,99999.00,99999.00,99999.00,99999.00,99999.00,99999.00,99999.00,99999.00,99999.00,99999.00,99999.00,99999.00,99999.00,99999.00,99999.00,99999.00,99999.00,99999.00,99999.00,99999.00,99999.00,99999.00,99999.00,99999.00,99999.00,99999.00,99999.00,99999.00,99999.00,1176.76,1166.69,1158.33,1151.24,1145.40,1140.81,1136.95,1133.83,1131.35,1131.42,1132.66,1134.90,1137.41,1140.29,1143.73,1147.81,1152.71,1159.07,1166.30,1174.49,1183.79,1194.44,1206.67,1220.91,99999.00,99999.00,99999.00,99999.00,99999.00,99999.00,99999.00,99999.00,99999.00,99999.00,99999.00,99999.00,99999.00,99999.00,99999.00,99999.00,99999.00,99999.00,99999.00,99999.00,99999.00,99999.00,99999.00,99999.00,99999.00,99999.00,99999.00,99999.00,99999.00,99999.00,99999.00,99999.00,99999.00,99999.00,99999.00,99999.00,99999.00,99999.00,99999.00,99999.00,99999.00,99999.00,99999.00,99999.00,99999.00,99999.00,99999.00,99999.00
99999.00,99999.00,99999.00,99999.00,99999.00,99999.00,99999.00,99999.00,99999.00,99999.00,99999.00,99999.00,99999.00,99999.00,99999.00,99999.00,99999.00,99999.00,99999.00,99999.00,99999.00,99999.00,99999.00,99999.00,99999.00,99999.00,99999.00,99999.00,99999.00,99999.00,99999.00,99999.00,99999.00,99999.00,99999.00,99999.00,99999.00,99999.00,99999.00,99999.00,99999.00,99999.00,99999.00,99999.00,99999.00,99999.00,99999.00,99999.00,99999.00,99999.00,99999.00,99999.00,99999.00,99999.00,99999.00,99999.00,99999.00,99999.00,99999.00,99999.00,1185.86,1175.81,1167.45,1160.36,1154.54,1149.86,1145.94,1142.82,1140.34,1140.37,1141.62,1143.87,1146.40,1149.30,1152.74,1156.85,1161.70,1167.88,1175.10,1183.32,1192.75,1203.52,1215.95,1230.44,99999.00,99999.00,99999.00,99999.00,99999.00,99999.00,99999.00,99999.00,99999.00,99999.00,99999.00,99999.00,99999.00,99999.00,99999.00,99999.00,99999.00,99999.00,99999.00,99999.00,99999.00,99999.00,99999.00,99999.00,99999.00,99999.00,99999.00,99999.00,99999.00,99999.00,99999.00,99999.00,99999.00,99999.00,99999.00,99999.00,99999.00,99999.00,99999.00,99999.00,99999.00,99999.00,99999.00,99999.00,99999.00,99999.00,99999.00,99999.00
99999.00,99999.00,99999.00,99999.00,99999.00,99999.00,99999.00,99999.00,99999.00,99999.00,99999.00,99999.00,99999.00,99999.00,99999.00,99999.00,99999.00,99999.00,99999.00,99999.00,99999.00,99999.00,99999.00,99999.00,99999.00,99999.00,99999.00,99999.00,99999.00,99999.00,99999.00,99999.00,99999.00,99999.00,99999.00,99999.00,99999.00,99999.00,99999.00,99999.00,99999.00,99999.00,99999.00,99999.00,99999.00,99999.00,99999.00,99999.00,99999.00,99999.00,99999.00,99999.00,99999.00,99999.00,99999.00,99999.00,99999.00,99999.00,99999.00,99999.00,1194.98,1184.93,1176.58,1169.50,1163.68,1158.84,1154.93,1151.81,1149.33,1149.32,1150.58,1152.83,1155.36,1158.31,1161.75,1165.88,1170.78,1176.65,1183.84,1192.12,1201.58,1212.47,1225.03,1239.72,99999.00,99999.00,99999.00,99999.00,99999.00,99999.00,99999.00,99999.00,99999.00,99999.00,99999.00,99999.00,99999.00,99999.00,99999.00,99999.00,99999.00,99999.00,99999.00,99999.00,99999.00,99999.00,99999.00,99999.00,99999.00,99999.00,99999.00,99999.00,99999.00,99999.00,99999.00,99999.00,99999.00,99999.00,99999.00,99999.00,99999.00,99999.00,99999.00,99999.00,99999.00,99999.00,99999.00,99999.00,99999.00,99999.00,99999.00,99999.00
99999.00,99999.00,99999.00,99999.00,99999.00,99999.00,99999.00,99999.00,99999.00,99999.00,99999.00,99999.00,99999.00,99999.00,99999.00,99999.00,99999.00,99999.00,99999.00,99999.00,99999.00,99999.00,99999.00,99999.00,99999.00,99999.00,99999.00,99999.00,99999.00,99999.00,99999.00,99999.00,99999.00,99999.00,99999.00,99999.00,99999.00,99999.00,99999.00,99999.00,99999.00,99999.00,99999.00,99999.00,99999.00,99999.00,99999.00,99999.00,99999.00,99999.00,99999.00,99999.00,99999.00,99999.00,99999.00,99999.00,99999.00,99999.00,99999.00,99999.00,1204.10,1194.05,1185.71,1178.63,1172.73,1167.83,1163.92,1160.80,1158.32,1158.27,1159.54,1161.79,1164.32,1167.30,1170.76,1174.89,1179.82,1185.64,1192.61,1200.86,1210.38,1221.31,1233.99,1248.80,99999.00,99999.00,99999.00,99999.00,99999.00,99999.00,99999.00,99999.00,99999.00,99999.00,99999.00,99999.00,99999.00,99999.00,99999.00,99999.00,99999.00,99999.00,99999.00,99999.00,99999.00,99999.00,99999.00,99999.00,99999.00,99999.00,99999.00,99999.00,99999.00,99999.00,99999.00,99999.00,99999.00,99999.00,99999.00,99999.00,99999.00,99999.00,99999.00,99999.00,99999.00,99999.00,99999.00,99999.00,99999.00,99999.00,99999.00,99999.00
99999.00,99999.00,99999.00,99999.00,99999.00,99999.00,99999.00,99999.00,99999.00,99999.00,99999.00,99999.00,99999.00,99999.00,99999.00,99999.00,99999.00,99999.00,99999.00,99999.00,99999.00,99999.00,99999.00,99999.00,99999.00,99999.00,99999.00,99999.00,99999.00,99999.00,99999.00,99999.00,99999.00,99999.00,99999.00,99999.00,99999.00,99999.00,99999.00,99999.00,99999.00,99999.00,99999.00,99999.00,99999.00,99999.00,99999.00,99999.00,99999.00,99999.00,99999.00,99999.00,99999.00,99999.00,99999.00,99999.00,99999.00,99999.00,99999.00,99999.00,1213.22,1203.19,1194.85,1187.77,1181.71,1176.81,1172.91,1169.79,1167.31,1167.23,1168.50,1170.75,1173.28,1176.26,1179.78,1183.91,1188.85,1194.81,1201.67,1209.64,1219.12,1230.11,1242.82,1257.75,99999.00,99999.00,99999.00,99999.00,99999.00,99999.00,99999.00,99999.00,99999.00,99999.00,99999.00,99999.00,99999.00,99999.00,99999.00,99999.00,99999.00,99999.00,99999.00,99999.00,99999.00,99999.00,99999.00,99999.00,99999.00,99999.00,99999.00,99999.00,99999.00,99999.00,99999.00,99999.00,99999.00,99999.00,99999.00,99999.00,99999.00,99999.00,99999.00,99999.00,99999.00,99999.00,99999.00,99999.00,99999.00,99999.00,99999.00,99999.00
99999.00,99999.00,99999.00,99999.00,99999.00,99999.00,99999.00,99999.00,99999.00,99999.00,99999.00,99999.00,99999.00,99999.00,99999.00,99999.00,99999.00,99999.00,99999.00,99999.00,99999.00,99999.00,99999.00,99999.00,99999.00,99999.00,99999.00,99999.00,99999.00,99999.00,99999.00,99999.00,99999.00,99999.00,99999.00,99999.00,99999.00,99999.00,99999.00,99999.00,99999.00,99999.00,99999.00,99999.00,99999.00,99999.00,99999.00,99999.00,99999.00,99999.00,99999.00,99999.00,99999.00,99999.00,99999.00,99999.00,99999.00,99999.00,99999.00,99999.00,1222.36,1212.32,1203.99,1196.82,1190.69,1185.80,1181.90,1178.78,1176.30,1176.18,1177.47,1179.71,1182.24,1185.22,1188.77,1192.91,1197.89,1203.95,1210.90,1218.74,1227.90,1238.85,1251.63,1266.59,99999.00,99999.00,99999.00,99999.00,99999.00,99999.00,99999.00,99999.00,99999.00,99999.00,99999.00,99999.00,99999.00,99999.00,99999.00,99999.00,99999.00,99999.00,99999.00,99999.00,99999.00,99999.00,99999.00,99999.00,99999.00,99999.00,99999.00,99999.00,99999.00,99999.00,99999.00,99999.00,99999.00,99999.00,99999.00,99999.00,99999.00,99999.00,99999.00,99999.00,99999.00,99999.00,99999.00,99999.00,99999.00,99999.00,99999.00,99999.00
99999.00,99999.00,99999.00,99999.00,99999.00,99999.00,99999.00,99999.00,99999.00,99999.00,99999.00,99999.00,99999.00,99999.00,99999.00,99999.00,99999.00,99999.00,99999.00,99999.00,99999.00,99999.00,99999.00,99999.00,99999.00,99999.00,99999.00,99999.00,99999.00,99999.00,99999.00,99999.00,99999.00,99999.00,99999.00,99999.00,99999.00,99999.00,99999.00,99999.00,99999.00,99999.00,99999.00,99999.00,99999.00,99999.00,99999.00,99999.00,99999.00,99999.00,99999.00,99999.00,99999.00,99999.00,99999.00,99999.00,99999.00,99999.00,99999.00,99999.00,1231.49,1221.46,1213.04,1205.80,1199.68,1194.79,1190.89,1187.77,1185.29,1185.13,1186.43,1188.67,1191.20,1194.18,1197.73,1201.93,1207.00,1213.09,1220.12,1228.05,1237.05,1247.63,1260.37,1275.40,99999.00,99999.00,99999.00,99999.00,99999.00,99999.00,99999.00,99999.00,99999.00,99999.00,99999.00,99999.00,99999.00,99999.00,99999.00,99999.00,99999.00,99999.00,99999.00,99999.00,99999.00,99999.00,99999.00,99999.00,99999.00,99999.00,99999.00,99999.00,99999.00,99999.00,99999.00,99999.00,99999.00,99999.00,99999.00,99999.00,99999.00,99999.00,99999.00,99999.00,99999.00,99999.00,99999.00,99999.00,99999.00,99999.00,99999.00,99999.00
99999.00,99999.00,99999.00,99999.00,99999.00,99999.00,99999.00,99999.00,99999.00,99999.00,99999.00,99999.00,99999.00,99999.00,99999.00,99999.00,99999.00,99999.00,99999.00,99999.00,99999.00,99999.00,99999.00,99999.00,99999.00,99999.00,99999.00,99999.00,99999.00,99999.00,99999.00,99999.00,99999.00,99999.00,99999.00,99999.00,99999.00,99999.00,99999.00,99999.00,99999.00,99999.00,99999.00,99999.00,99999.00,99999.00,99999.00,99999.00,99999.00,99999.00,99999.00,99999.00,99999.00,99999.00,99999.00,99999.00,99999.00,99999.00,99999.00,99999.00,1240.58,1230.48,1221.99,1214.76,1208.65,1203.77,1199.86,1196.75,1194.28,1194.07,1195.38,1197.62,1200.15,1203.13,1206.68,1210.96,1216.09,1222.22,1229.31,1237.33,1246.42,1256.81,1269.12,1284.10,99999.00,99999.00,99999.00,99999.00,99999.00,99999.00,99999.00,99999.00,99999.00,99999.00,99999.00,99999.00,99999.00,99999.00,99999.00,99999.00,99999.00,99999.00,99999.00,99999.00,99999.00,99999.00,99999.00,99999.00,99999.00,99999.00,99999.00,99999.00,99999.00,99999.00,99999.00,99999.00,99999.00,99999.00,99999.00,99999.00,99999.00,99999.00,99999.00,99999.00,99999.00,99999.00,99999.00,99999.00,99999.00,99999.00,99999.00,99999.00
99999.00,99999.00,99999.00,99999.00,99999.00,99999.00,99999.00,99999.00,99999.00,99999.00,99999.00,99999.00,99999.00,99999.00,99999.00,99999.00,99999.00,99999.00,99999.00,99999.00,99999.00,99999.00,99999.00,99999.00,99999.00,99999.00,99999.00,99999.00,99999.00,99999.00,99999.00,99999.00,99999.00,99999.00,99999.00,99999.00,99999.00,99999.00,99999.00,99999.00,99999.00,99999.00,99999.00,99999.00,99999.00,99999.00,99999.00,99999.00,99999.00,99999.00,99999.00,99999.00,99999.00,99999.00,99999.00,99999.00,99999.00,99999.00,99999.00,99999.00,1249.17,1239.17,1230.77,1223.55,1217.49,1212.64,1208.75,1205.66,1203.23,1202.99,1204.31,1206.52,1209.05,1212.03,1215.57,1219.93,1225.12,1231.33,1238.44,1246.50,1255.66,1266.09,1278.11,1292.43,99999.00,99999.00,99999.00,99999.00,99999.00,99999.00,99999.00,99999.00,99999.00,99999.00,99999.00,99999.00,99999.00,99999.00,99999.00,99999.00,99999.00,99999.00,99999.00,99999.00,99999.00,99999.00,99999.00,99999.00,99999.00,99999.00,99999.00,99999.00,99999.00,99999.00,99999.00,99999.00,99999.00,99999.00,99999.00,99999.00,99999.00,99999.00,99999.00,99999.00,99999.00,99999.00,99999.00,99999.00,99999.00,99999.00,99999.00,99999.00
99999.00,99999.00,99999.00,99999.00,99999.00,99999.00,99999.00,99999.00,99999.00,99999.00,99999.00,99999.00,99999.00,99999.00,99999.00,99999.00,99999.00,99999.00,99999.00,99999.00,99999.00,99999.00,99999.00,99999.00,99999.00,99999.00,99999.00,99999.00,99999.00,99999.00,99999.00,99999.00,99999.00,99999.00,99999.00,99999.00,99999.00,99999.00,99999.00,99999.00,99999.00,99999.00,99999.00,99999.00,99999.00,99999.00,99999.00,99999.00,99999.00,99999.00,99999.00,99999.00,99999.00,99999.00,99999.00,99999.00,99999.00,99999.00,99999.00,1268.70,1257.14,1247.47,1239.23,1232.13,1226.17,1221.38,1217.54,1214.48,1212.12,1211.85,1213.19,1215.36,1217.89,1220.87,1224.43,1228.82,1234.07,1240.32,1247.46,1255.51,1264.66,1275.08,1287.01,1300.79,1317.23,99999.00,99999.00,99999.00,99999.00,99999.00,99999.00,99999.00,99999.00,99999.00,99999.00,99999.00,99999.00,99999.00,99999.00,99999.00,99999.00,99999.00,99999.00,99999.00,99999.00,99999.00,99999.00,99999.00,99999.00,99999.00,99999.00,99999.00,99999.00,99999.00,99999.00,99999.00,99999.00,99999.00,99999.00,99999.00,99999.00,99999.00,99999.00,99999.00,99999.00,99999.00,99999.00,99999.00,99999.00,99999.00,99999.00,99999.00
99999.00,99999.00,99999.00,99999.00,99999.00,99999.00,99999.00,99999.00,99999.00,99999.00,99999.00,99999.00,99999.00,99999.00,99999.00,99999.00,99999.00,99999.00,99999.00,99999.00,99999.00,99999.00,99999.00,99999.00,99999.00,99999.00,99999.00,99999.00,99999.00,99999.00,99999.00,99999.00,99999.00,99999.00,99999.00,99999.00,99999.00,99999.00,99999.00,99999.00,99999.00,99999.00,99999.00,99999.00,99999.00,99999.00,99999.00,99999.00,99999.00,99999.00,99999.00,99999.00,99999.00,99999.00,99999.00,99999.00,99999.00,99999.00,1287.96,1275.40,1264.58,1255.33,1247.37,1240.45,1234.63,1229.94,1226.17,1223.20,1220.91,1220.62,1221.98,1224.12,1226.62,1229.59,1233.21,1237.58,1242.88,1249.16,1256.31,1264.34,1273.41,1283.73,1295.48,1308.93,1324.37,1341.08,99999.00,99999.00,99999.00,99999.00,99999.00,99999.00,99999.00,99999.00,99999.00,99999.00,99999.00,99999.00,99999.00,99999.00,99999.00,99999.00,99999.00,99999.00,99999.00,99999.00,99999.00,99999.00,99999.00,99999.00,99999.00,99999.00,99999.00,99999.00,99999.00,99999.00,99999.00,99999.00,99999.00,99999.00,99999.00,99999.00,99999.00,99999.00,99999.00,99999.00,99999.00,99999.00,99999.00,99999.00,99999.00,99999.00
99999.00,99999.00,99999.00,99999.00,99999.00,99999.00,99999.00,99999.00,99999.00,99999.00,99999.00,99999.00,99999.00,99999.00,99999.00,99999.00,99999.00,99999.00,99999.00,99999.00,99999.00,99999.00,99999.00,1790.85,1770.34,1751.21,1733.11,1715.95,1699.56,1683.82,1668.64,1653.94,1639.52,1625.27,1611.36,1597.75,1584.42,1571.33,1558.02,1544.91,1532.00,1519.26,1506.19,1493.19,1480.33,1467.61,1454.81,1441.47,1428.26,1415.15,1401.65,1387.54,1373.52,1359.59,1345.75,1331.99,1318.30,1304.91,1292.84,1281.63,1271.54,1262.81,1255.18,1248.51,1242.88,1238.32,1234.65,1231.79,1229.59,1229.29,1230.68,1232.77,1235.24,1238.20,1241.87,1246.25,1251.55,1257.85,1264.95,1272.94,1281.92,1292.05,1303.55,1316.61,1331.10,1346.84,1364.63,1383.39,1403.05,1423.53,1444.92,1467.39,1491.12,1516.42,99999.00,99999.00,99999.00,99999.00,99999.00,99999.00,99999.00,99999.00,99999.00,99999.00,99999.00,99999.00,99999.00,99999.00,99999.00,99999.00,99999.00,99999.00,99999.00,99999.00,99999.00,99999.00,99999.00,99999.00,99999.00,99999.00,99999.00,99999.00,99999.00,99999.00,99999.00,99999.00,99999.00,99999.00,99999.00,99999.00,99999.00,99999.00
99999.00,99999.00,99999.00,99999.00,99999.00,99999.00,99999.00,99999.00,99999.00,99999.00,99999.00,99999.00,99999.00,99999.00,99999.00,99999.00,99999.00,99999.00,99999.00,99999.00,99999.00,99999.00,99999.00,1778.60,1758.34,1739.54,1721.76,1704.78,1688.54,1672.94,1657.89,1643.31,1629.15,1615.20,1601.38,1587.86,1574.61,1561.60,1548.83,1535.79,1522.94,1510.27,1497.76,1485.36,1472.53,1459.84,1447.28,1434.85,1422.31,1409.23,1396.25,1383.38,1370.59,1357.89,1345.28,1332.75,1320.46,1308.68,1297.70,1287.52,1278.18,1269.95,1262.72,1256.29,1250.89,1246.49,1242.97,1240.23,1238.13,1237.83,1239.25,1241.30,1243.73,1246.70,1250.36,1254.78,1260.04,1266.35,1273.40,1281.29,1290.16,1300.11,1311.29,1323.92,1337.64,1352.60,1369.10,1386.66,1405.18,1424.50,1444.74,1466.06,1488.67,1512.88,99999.00,99999.00,99999.00,99999.00,99999.00,99999.00,99999.00,99999.00,99999.00,99999.00,99999.00,99999.00,99999.00,99999.00,99999.00,99999.00,99999.00,99999.00,99999.00,99999.00,99999.00,99999.00,99999.00,99999.00,99999.00,99999.00,99999.00,99999.00,99999.00,99999.00,99999.00,99999.00,99999.00,99999.00,99999.00,99999.00,99999.00,99999.00
99999.00,99999.00,99999.00,99999.00,99999.00,99999.00,99999.00,99999.00,99999.00,99999.00,99999.00,99999.00,99999.00,99999.00,99999.00,99999.00,99999.00,99999.00,99999.00,99999.00,99999.00,99999.00,99999.00,1768.77,1748.64,1729.96,1712.40,1695.75,1679.72,1664.20,1649.21,1634.70,1620.60,1606.86,1593.45,1580.19,1566.99,1554.03,1541.30,1528.77,1516.43,1503.81,1491.34,1479.03,1466.86,1454.77,1442.24,1429.84,1417.54,1405.36,1393.29,1381.32,1369.45,1357.69,1346.02,1334.42,1323.24,1312.63,1302.63,1293.22,1284.54,1276.84,1269.97,1263.84,1258.68,1254.47,1251.13,1248.52,1246.53,1246.24,1247.71,1249.75,1252.08,1255.05,1258.70,1263.14,1268.38,1274.65,1281.63,1289.43,1298.13,1307.88,1318.78,1330.96,1344.04,1358.37,1373.89,1390.56,1408.26,1426.77,1446.20,1466.71,1488.51,1511.94,99999.00,99999.00,99999.00,99999.00,99999.00,99999.00,99999.00,99999.00,99999.00,99999.00,99999.00,99999.00,99999.00,99999.00,99999.00,99999.00,99999.00,99999.00,99999.00,99999.00,99999.00,99999.00,99999.00,99999.00,99999.00,99999.00,99999.00,99999.00,99999.00,99999.00,99999.00,99999.00,99999.00,99999.00,99999.00,99999.00,99999.00,99999.00
99999.00,99999.00,99999.00,99999.00,99999.00,99999.00,99999.00,99999.00,99999.00,99999.00,99999.00,99999.00,99999.00,99999.00,99999.00,99999.00,99999.00,99999.00,99999.00,99999.00,99999.00,99999.00,99999.00,1760.69,1740.72,1722.17,1704.72,1688.17,1672.35,1657.16,1642.38,1627.95,1613.92,1600.25,1586.90,1573.85,1561.06,1548.36,1535.68,1523.20,1510.90,1498.79,1486.83,1474.57,1462.44,1450.44,1438.57,1426.82,1415.18,1403.65,1392.23,1380.92,1369.71,1358.61,1347.61,1336.77,1326.53,1316.76,1307.56,1298.76,1290.72,1283.49,1277.00,1271.15,1266.24,1262.26,1259.11,1256.75,1254.82,1254.55,1256.06,1258.10,1260.38,1263.25,1266.89,1271.30,1276.56,1282.74,1289.65,1297.33,1305.88,1315.40,1326.01,1337.82,1350.37,1364.15,1378.91,1394.89,1411.96,1429.85,1448.68,1468.62,1489.88,1512.78,99999.00,99999.00,99999.00,99999.00,99999.00,99999.00,99999.00,99999.00,99999.00,99999.00,99999.00,99999.00,99999.00,99999.00,99999.00,99999.00,99999.00,99999.00,99999.00,99999.00,99999.00,99999.00,99999.00,99999.00,99999.00,99999.00,99999.00,99999.00,99999.00,99999.00,99999.00,99999.00,99999.00,99999.00,99999.00,99999.00,99999.00,99999.00
99999.00,99999.00,99999.00,99999.00,99999.00,99999.00,99999.00,99999.00,99999.00,99999.00,99999.00,99999.00,99999.00,99999.00,99999.00,99999.00,99999.00,99999.00,99999.00,99999.00,99999.00,99999.00,99999.00,1753.60,1733.93,1715.56,1698.26,1681.83,1666.13,1651.04,1636.48,1622.38,1608.55,1594.96,1581.69,1568.70,1555.97,1543.48,1531.21,1518.99,1506.74,1494.68,1482.77,1471.01,1459.39,1447.91,1436.55,1425.31,1414.19,1403.17,1392.27,1381.47,1370.78,1360.20,1349.72,1339.73,1330.28,1321.11,1312.57,1304.21,1296.72,1289.95,1283.81,1278.25,1273.61,1269.87,1267.03,1264.84,1262.97,1262.73,1264.30,1266.31,1268.58,1271.38,1274.90,1279.28,1284.53,1290.64,1297.43,1305.00,1313.39,1322.70,1333.02,1344.48,1356.59,1369.94,1384.10,1399.50,1415.94,1433.34,1451.70,1471.19,1492.04,1514.57,99999.00,99999.00,99999.00,99999.00,99999.00,99999.00,99999.00,99999.00,99999.00,99999.00,99999.00,99999.00,99999.00,99999.00,99999.00,99999.00,99999.00,99999.00,99999.00,99999.00,99999.00,99999.00,99999.00,99999.00,99999.00,99999.00,99999.00,99999.00,99999.00,99999.00,99999.00,99999.00,99999.00,99999.00,99999.00,99999.00,99999.00,99999.00
99999.00,99999.00,99999.00,99999.00,99999.00,99999.00,99999.00,99999.00,99999.00,99999.00,99999.00,99999.00,99999.00,99999.00,99999.00,99999.00,99999.00,99999.00,99999.00,99999.00,99999.00,99999.00,99999.00,1747.03,1727.78,1709.72,1692.63,1676.38,1660.82,1645.86,1631.42,1617.41,1603.80,1590.54,1577.47,1564.56,1551.91,1539.48,1527.27,1515.25,1503.42,1491.77,1480.27,1468.92,1457.71,1446.64,1435.69,1424.86,1414.15,1403.55,1393.05,1382.67,1372.39,1362.23,1352.54,1343.13,1334.35,1325.65,1317.49,1309.67,1302.64,1296.24,1290.43,1285.15,1280.81,1277.44,1274.89,1272.79,1270.99,1270.79,1272.42,1274.40,1276.70,1279.46,1282.85,1287.09,1292.28,1298.33,1305.03,1312.45,1320.69,1329.79,1339.86,1350.97,1362.71,1375.69,1389.37,1404.33,1420.19,1437.18,1455.16,1474.29,1494.81,1517.06,99999.00,99999.00,99999.00,99999.00,99999.00,99999.00,99999.00,99999.00,99999.00,99999.00,99999.00,99999.00,99999.00,99999.00,99999.00,99999.00,99999.00,99999.00,99999.00,99999.00,99999.00,99999.00,99999.00,99999.00,99999.00,99999.00,99999.00,99999.00,99999.00,99999.00,99999.00,99999.00,99999.00,99999.00,99999.00,99999.00,99999.00,99999.00
99999.00,99999.00,99999.00,99999.00,99999.00,99999.00,99999.00,99999.00,99999.00,99999.00,99999.00,99999.00,99999.00,99999.00,99999.00,99999.00,99999.00,99999.00,99999.00,99999.00,99999.00,99999.00,99999.00,1740.89,1721.97,1704.24,1687.46,1671.46,1656.11,1641.32,1627.02,1613.15,1599.65,1586.49,1573.64,1561.06,1548.73,1536.64,1524.76,1513.07,1501.57,1490.24,1479.08,1468.06,1457.18,1446.44,1435.82,1425.33,1414.94,1404.67,1394.51,1384.46,1374.53,1364.88,1355.85,1346.91,1338.50,1330.35,1322.49,1315.17,1308.50,1302.45,1296.86,1291.88,1287.96,1284.95,1282.61,1280.61,1278.87,1278.72,1280.42,1282.37,1284.67,1287.41,1290.73,1294.83,1299.83,1305.80,1312.41,1319.71,1327.77,1336.68,1346.51,1357.33,1368.80,1381.38,1394.66,1409.25,1424.65,1441.30,1458.95,1477.77,1498.02,1520.04,99999.00,99999.00,99999.00,99999.00,99999.00,99999.00,99999.00,99999.00,99999.00,99999.00,99999.00,99999.00,99999.00,99999.00,99999.00,99999.00,99999.00,99999.00,99999.00,99999.00,99999.00,99999.00,99999.00,99999.00,99999.00,99999.00,99999.00,99999.00,99999.00,99999.00,99999.00,99999.00,99999.00,99999.00,99999.00,99999.00,99999.00,99999.00
99999.00,99999.00,99999.00,99999.00,99999.00,99999.00,99999.00,99999.00,99999.00,99999.00,99999.00,99999.00,99999.00,99999.00,99999.00,99999.00,99999.00,99999.00,99999.00,99999.00,99999.00,99999.00,99999.00,1735.47,1716.82,1699.35,1682.84,1667.11,1652.03,1637.51,1623.47,1609.86,1596.63,1583.74,1571.15,1558.84,1546.78,1534.95,1523.33,1511.92,1500.68,1489.62,1478.72,1467.97,1457.36,1446.88,1436.53,1426.30,1416.18,1406.18,1396.28,1386.50,1377.22,1368.04,1359.38,1350.98,1342.87,1335.18,1327.61,1320.68,1314.34,1308.54,1303.26,1298.68,1295.09,1292.42,1290.20,1288.29,1286.61,1286.52,1288.29,1290.22,1292.51,1295.27,1298.54,1302.49,1307.34,1313.06,1319.57,1326.76,1334.66,1343.38,1352.98,1363.53,1374.77,1387.03,1400.02,1414.21,1429.23,1445.57,1462.93,1481.49,1501.49,1523.29,99999.00,99999.00,99999.00,99999.00,99999.00,99999.00,99999.00,99999.00,99999.00,99999.00,99999.00,99999.00,99999.00,99999.00,99999.00,99999.00,99999.00,99999.00,99999.00,99999.00,99999.00,99999.00,99999.00,99999.00,99999.00,99999.00,99999.00,99999.00,99999.00,99999.00,99999.00,99999.00,99999.00,99999.00,99999.00,99999.00,99999.00,99999.00
99999.00,99999.00,99999.00,99999.00,99999.00,99999.00,99999.00,99999.00,99999.00,99999.00,99999.00,99999.00,99999.00,99999.00,99999.00,99999.00,99999.00,99999.00,99999.00,99999.00,99999.00,99999.00,99999.00,1731.89,1713.45,1696.20,1679.90,1664.38,1649.51,1635.21,1621.39,1607.99,1594.97,1582.29,1569.92,1557.82,1545.97,1534.36,1522.95,1511.75,1500.73,1489.88,1479.19,1468.65,1458.26,1447.99,1437.86,1427.84,1417.94,1408.14,1398.62,1389.17,1380.26,1371.61,1363.25,1355.30,1347.47,1339.98,1332.81,1326.22,1320.13,1314.63,1309.67,1305.55,1302.33,1299.77,1297.67,1295.85,1294.22,1294.20,1296.04,1297.94,1300.22,1302.97,1306.21,1310.08,1314.77,1320.35,1326.51,1333.58,1341.36,1349.90,1359.27,1369.61,1380.62,1392.59,1405.32,1419.19,1433.93,1449.98,1467.05,1485.34,1505.08,1526.64,99999.00,99999.00,99999.00,99999.00,99999.00,99999.00,99999.00,99999.00,99999.00,99999.00,99999.00,99999.00,99999.00,99999.00,99999.00,99999.00,99999.00,99999.00,99999.00,99999.00,99999.00,99999.00,99999.00,99999.00,99999.00,99999.00,99999.00,99999.00,99999.00,99999.00,99999.00,99999.00,99999.00,99999.00,99999.00,99999.00,99999.00,99999.00
99999.00,99999.00,99999.00,99999.00,99999.00,99999.00,99999.00,99999.00,99999.00,99999.00,99999.00,99999.00,99999.00,99999.00,99999.00,99999.00,99999.00,99999.00,99999.00,99999.00,99999.00,99999.00,99999.00,1729.80,1711.53,1694.45,1678.32,1662.97,1648.27,1634.13,1620.48,1607.25,1594.41,1581.89,1569.69,1557.75,1546.08,1534.63,1523.40,1512.36,1501.51,1490.83,1480.31,1469.94,1459.71,1449.61,1439.64,1429.79,1420.06,1410.44,1401.27,1392.36,1383.73,1375.53,1367.44,1359.68,1352.24,1344.91,1338.09,1331.76,1325.99,1320.86,1316.20,1312.43,1309.57,1307.16,1305.06,1303.28,1301.69,1301.74,1303.56,1305.53,1307.79,1310.53,1313.78,1317.58,1322.11,1327.57,1333.58,1340.19,1347.83,1356.22,1365.40,1375.53,1386.29,1398.01,1410.50,1424.05,1438.52,1454.24,1470.96,1488.87,1508.18,1529.22,99999.00,99999.00,99999.00,99999.00,99999.00,99999.00,99999.00,99999.00,99999.00,99999.00,99999.00,99999.00,99999.00,99999.00,99999.00,99999.00,99999.00,99999.00,99999.00,99999.00,99999.00,99999.00,99999.00,99999.00,99999.00,99999.00,99999.00,99999.00,99999.00,99999.00,99999.00,99999.00,99999.00,99999.00,99999.00,99999.00,99999.00,99999.00
99999.00,99999.00,99999.00,99999.00,99999.00,99999.00,99999.00,99999.00,99999.00,99999.00,99999.00,99999.00,99999.00,99999.00,99999.00,99999.00,99999.00,99999.00,99999.00,99999.00,99999.00,99999.00,99999.00,1728.82,1710.69,1693.74,1677.74,1662.52,1647.95,1633.94,1620.41,1607.32,1594.60,1582.21,1570.13,1558.33,1546.78,1535.46,1524.36,1513.45,1502.73,1492.18,1481.79,1471.55,1461.45,1451.48,1441.64,1431.92,1422.50,1413.33,1404.44,1395.98,1387.62,1379.59,1371.88,1364.27,1356.98,1349.97,1343.41,1337.40,1332.11,1327.16,1322.85,1319.46,1316.73,1314.44,1312.45,1310.62,1309.03,1309.15,1310.95,1313.00,1315.22,1317.95,1321.18,1324.95,1329.37,1334.66,1340.56,1347.00,1354.08,1362.30,1371.34,1381.28,1391.79,1403.27,1415.46,1428.73,1442.90,1458.24,1474.55,1491.97,1510.70,1530.98,1553.12,99999.00,99999.00,99999.00,99999.00,99999.00,99999.00,99999.00,99999.00,99999.00,99999.00,99999.00,99999.00,99999.00,99999.00,99999.00,99999.00,99999.00,99999.00,99999.00,99999.00,99999.00,99999.00,99999.00,99999.00,99999.00,99999.00,99999.00,99999.00,99999.00,99999.00,99999.00,99999.00,99999.00,99999.00,99999.00,99999.00,99999.00
99999.00,99999.00,99999.00,99999.00,99999.00,99999.00,99999.00,99999.00,99999.00,99999.00,99999.00,99999.00,99999.00,99999.00,99999.00,99999.00,99999.00,99999.00,99999.00,99999.00,99999.00,99999.00,99999.00,1728.99,1710.95,1694.10,1678.20,1663.07,1648.59,1634.67,1621.24,1608.24,1595.61,1583.32,1571.34,1559.63,1548.17,1536.95,1525.94,1515.12,1504.49,1494.04,1483.74,1473.59,1463.59,1453.71,1444.02,1434.60,1425.46,1416.73,1408.11,1399.81,1391.83,1383.94,1376.36,1369.06,1361.86,1355.11,1348.88,1343.44,1338.33,1333.59,1329.54,1326.52,1323.94,1321.68,1319.72,1317.90,1316.25,1316.43,1318.21,1320.24,1322.53,1325.23,1328.44,1332.21,1336.55,1341.66,1347.42,1353.74,1360.62,1368.17,1377.08,1386.84,1397.11,1408.36,1420.25,1433.23,1447.05,1461.98,1477.84,1494.72,1512.80,1532.24,1553.25,1576.02,99999.00,99999.00,99999.00,99999.00,99999.00,99999.00,99999.00,99999.00,99999.00,99999.00,99999.00,99999.00,99999.00,99999.00,99999.00,99999.00,99999.00,99999.00,99999.00,99999.00,2165.15,99999.00,99999.00,99999.00,99999.00,99999.00,99999.00,99999.00,99999.00,99999.00,99999.00,99999.00,99999.00,99999.00,99999.00,99999.00
99999.00,99999.00,99999.00,99999.00,99999.00,99999.00,99999.00,99999.00,99999.00,99999.00,99999.00,99999.00,99999.00,99999.00,99999.00,99999.00,99999.00,99999.00,99999.00,99999.00,99999.00,99999.00,99999.00,1730.08,1712.11,1695.32,1679.48,1664.41,1649.99,1636.14,1622.77,1609.83,1597.26,1585.03,1573.11,1561.46,1550.07,1538.90,1527.95,1517.20,1506.63,1496.23,1486.00,1475.91,1465.96,1456.26,1446.85,1437.87,1428.98,1420.42,1412.17,1404.00,1396.14,1388.55,1381.06,1373.82,1366.87,1360.44,1354.88,1349.62,1344.72,1340.17,1336.49,1333.53,1331.09,1328.92,1326.93,1325.12,1323.41,1323.60,1325.34,1327.35,1329.71,1332.37,1335.56,1339.30,1343.59,1348.58,1354.19,1360.35,1367.09,1374.48,1382.61,1392.13,1402.23,1413.25,1424.86,1437.55,1451.00,1465.52,1480.90,1497.23,1514.64,1533.26,1553.21,1574.63,1597.63,1622.28,99999.00,99999.00,99999.00,99999.00,99999.00,99999.00,99999.00,99999.00,99999.00,99999.00,99999.00,99999.00,99999.00,99999.00,99999.00,99999.00,2125.63,2129.22,2135.73,99999.00,99999.00,99999.00,99999.00,99999.00,99999.00,99999.00,99999.00,99999.00,99999.00,99999.00,99999.00,99999.00,99999.00,99999.00
99999.00,99999.00,99999.00,99999.00,99999.00,99999.00,99999.00,99999.00,99999.00,99999.00,99999.00,99999.00,99999.00,99999.00,99999.00,99999.00,99999.00,99999.00,99999.00,99999.00,99999.00,99999.00,99999.00,1731.95,1714.02,1697.27,1681.45,1666.41,1652.03,1638.20,1624.87,1611.95,1599.42,1587.22,1575.32,1563.71,1552.34,1541.21,1530.29,1519.56,1509.03,1498.66,1488.45,1478.43,1468.72,1459.46,1450.31,1441.49,1432.98,1424.54,1416.40,1408.52,1400.74,1393.19,1385.88,1378.74,1372.10,1366.43,1361.05,1356.00,1351.17,1346.85,1343.54,1340.65,1338.21,1336.09,1334.10,1332.29,1330.51,1330.71,1332.36,1334.33,1336.68,1339.40,1342.55,1346.25,1350.53,1355.42,1360.88,1366.88,1373.47,1380.74,1388.69,1397.40,1407.15,1417.89,1429.28,1441.67,1454.76,1468.87,1483.77,1499.55,1516.31,1534.15,1553.16,1573.46,1595.16,1618.40,99999.00,99999.00,99999.00,99999.00,99999.00,99999.00,99999.00,99999.00,99999.00,99999.00,99999.00,99999.00,99999.00,99999.00,99999.00,99999.00,2096.44,2100.68,2107.50,99999.00,99999.00,99999.00,99999.00,99999.00,99999.00,99999.00,99999.00,99999.00,99999.00,99999.00,99999.00,99999.00,99999.00,99999.00
99999.00,99999.00,99999.00,99999.00,99999.00,99999.00,99999.00,99999.00,99999.00,99999.00,99999.00,99999.00,99999.00,99999.00,99999.00,99999.00,99999.00,99999.00,99999.00,99999.00,99999.00,99999.00,99999.00,1734.54,1716.61,1699.86,1684.05,1669.01,1654.63,1640.80,1627.46,1614.55,1602.01,1589.81,1577.92,1566.30,1554.94,1543.80,1532.88,1522.16,1511.62,1501.26,1491.21,1481.63,1472.18,1463.08,1454.30,1445.61,1437.21,1429.05,1420.98,1413.14,1405.51,1398.06,1390.75,1383.91,1378.13,1372.63,1367.45,1362.47,1357.78,1353.82,1350.58,1347.83,1345.37,1343.21,1341.23,1339.35,1337.56,1337.75,1339.39,1341.19,1343.51,1346.30,1349.41,1353.07,1357.31,1362.13,1367.50,1373.34,1379.82,1386.91,1394.73,1403.24,1412.55,1422.51,1433.50,1445.55,1458.35,1472.04,1486.47,1501.72,1517.87,1535.00,1553.18,1572.54,1593.19,1615.32,99999.00,99999.00,99999.00,99999.00,99999.00,99999.00,99999.00,99999.00,99999.00,99999.00,99999.00,99999.00,99999.00,99999.00,99999.00,99999.00,2068.54,2073.32,2080.27,99999.00,99999.00,99999.00,99999.00,99999.00,99999.00,99999.00,99999.00,99999.00,99999.00,99999.00,99999.00,99999.00,99999.00,99999.00
99999.00,99999.00,99999.00,99999.00,99999.00,99999.00,99999.00,99999.00,99999.00,99999.00,99999.00,99999.00,99999.00,99999.00,99999.00,99999.00,99999.00,99999.00,99999.00,99999.00,99999.00,99999.00,99999.00,1737.73,1719.78,1703.01,1687.17,1672.10,1657.68,1643.83,1630.46,1617.52,1604.95,1592.72,1580.80,1569.15,1557.75,1546.59,1535.64,1524.89,1514.46,1504.52,1494.73,1485.32,1476.24,1467.27,1458.60,1450.18,1441.84,1433.72,1425.80,1418.03,1410.40,1402.97,1395.91,1390.03,1384.41,1379.10,1373.97,1369.11,1364.53,1360.93,1357.76,1355.01,1352.58,1350.32,1348.33,1346.38,1344.58,1344.74,1346.36,1348.05,1350.23,1352.99,1356.15,1359.77,1363.96,1368.75,1374.00,1379.79,1386.10,1393.07,1400.69,1409.04,1418.11,1427.71,1438.20,1449.43,1461.75,1475.03,1489.02,1503.77,1519.34,1535.82,1553.28,1571.84,1591.62,1612.85,99999.00,99999.00,99999.00,99999.00,99999.00,99999.00,99999.00,99999.00,99999.00,99999.00,99999.00,99999.00,99999.00,99999.00,99999.00,99999.00,2041.64,2046.89,2056.44,99999.00,99999.00,99999.00,99999.00,99999.00,99999.00,99999.00,99999.00,99999.00,99999.00,99999.00,99999.00,99999.00,99999.00,99999.00
99999.00,99999.00,99999.00,99999.00,99999.00,99999.00,99999.00,99999.00,99999.00,99999.00,99999.00,99999.00,99999.00,99999.00,99999.00,99999.00,99999.00,99999.00,99999.00,99999.00,99999.00,99999.00,99999.00,1741.48,1723.48,1706.65,1690.76,1675.63,1661.15,1647.24,1633.81,1620.80,1608.17,1595.88,1583.90,1572.19,1560.73,1549.51,1538.64,1528.29,1518.12,1508.35,1498.93,1489.64,1480.67,1471.98,1463.37,1454.99,1446.80,1438.73,1430.80,1423.03,1415.44,1408.16,1402.17,1396.43,1390.98,1385.72,1380.70,1375.84,1371.60,1368.07,1365.02,1362.26,1359.78,1357.49,1355.34,1353.37,1351.57,1351.67,1353.27,1354.93,1356.87,1359.57,1362.79,1366.35,1370.48,1375.22,1380.46,1386.15,1392.40,1399.18,1406.64,1414.77,1423.67,1433.07,1443.10,1453.89,1465.66,1478.26,1491.82,1506.09,1521.14,1537.04,1553.86,1571.72,1590.77,1611.25,99999.00,99999.00,99999.00,99999.00,99999.00,99999.00,99999.00,99999.00,99999.00,99999.00,99999.00,99999.00,99999.00,99999.00,99999.00,99999.00,2015.54,2021.22,2034.28,99999.00,99999.00,99999.00,99999.00,99999.00,99999.00,99999.00,99999.00,99999.00,99999.00,99999.00,99999.00,99999.00,99999.00,99999.00
99999.00,99999.00,99999.00,99999.00,99999.00,99999.00,99999.00,99999.00,99999.00,99999.00,99999.00,99999.00,99999.00,99999.00,99999.00,99999.00,99999.00,99999.00,99999.00,99999.00,99999.00,99999.00,99999.00,1745.70,1727.63,1710.71,1694.73,1679.50,1664.93,1650.92,1637.40,1624.30,1611.58,1599.20,1587.12,1575.34,1563.95,1553.12,1542.51,1532.32,1522.52,1512.88,1503.57,1494.56,1485.66,1476.99,1468.53,1460.21,1452.00,1443.93,1436.01,1428.23,1420.72,1414.61,1408.74,1403.15,1397.74,1392.57,1387.54,1382.74,1378.86,1375.38,1372.32,1369.57,1367.00,1364.69,1362.42,1360.36,1358.54,1358.56,1360.14,1361.77,1363.58,1366.04,1369.22,1372.83,1376.90,1381.65,1386.81,1392.47,1398.59,1405.30,1412.55,1420.51,1429.16,1438.38,1448.18,1458.55,1469.80,1481.90,1495.05,1508.88,1523.45,1538.82,1555.07,1572.33,1590.74,1610.57,99999.00,99999.00,99999.00,99999.00,99999.00,99999.00,99999.00,99999.00,99999.00,99999.00,99999.00,99999.00,99999.00,99999.00,99999.00,99999.00,1990.13,1998.96,2012.90,99999.00,99999.00,99999.00,99999.00,99999.00,99999.00,99999.00,99999.00,99999.00,99999.00,99999.00,99999.00,99999.00,99999.00,99999.00
99999.00,99999.00,99999.00,99999.00,99999.00,99999.00,99999.00,99999.00,99999.00,99999.00,99999.00,99999.00,99999.00,99999.00,99999.00,99999.00,99999.00,99999.00,99999.00,99999.00,99999.00,99999.00,99999.00,1750.33,1732.14,1715.11,1699.00,1683.65,1668.95,1654.81,1641.16,1627.93,1615.10,1602.63,1590.63,1579.23,1568.10,1557.44,1547.20,1537.14,1527.45,1518.09,1508.84,1499.86,1491.11,1482.50,1474.02,1465.70,1457.49,1449.39,1441.40,1433.65,1427.41,1421.40,1415.67,1410.10,1404.76,1399.56,1394.55,1390.01,1386.16,1382.80,1379.72,1376.92,1374.30,1371.83,1369.54,1367.41,1365.50,1365.44,1366.97,1368.57,1370.33,1372.50,1375.55,1379.20,1383.29,1387.99,1393.13,1398.70,1404.78,1411.33,1418.49,1426.22,1434.67,1443.73,1453.24,1463.38,1474.15,1485.76,1498.35,1511.76,1525.88,1540.76,1556.50,1573.20,1591.04,1610.27,99999.00,99999.00,99999.00,99999.00,99999.00,99999.00,99999.00,99999.00,99999.00,99999.00,99999.00,99999.00,99999.00,99999.00,99999.00,99999.00,1965.29,1978.14,1994.05,99999.00,99999.00,99999.00,99999.00,99999.00,99999.00,99999.00,99999.00,99999.00,99999.00,99999.00,99999.00,99999.00,99999.00,99999.00
99999.00,99999.00,99999.00,99999.00,99999.00,99999.00,99999.00,99999.00,99999.00,99999.00,99999.00,99999.00,99999.00,99999.00,99999.00,99999.00,99999.00,99999.00,99999.00,99999.00,99999.00,99999.00,99999.00,1755.32,1736.99,1719.80,1703.53,1688.01,1673.14,1658.84,1645.05,1631.74,1618.98,1606.90,1595.16,1583.93,1573.17,1562.64,1552.51,1542.73,1533.10,1523.76,1514.67,1505.75,1496.97,1488.36,1479.86,1471.50,1463.21,1455.00,1447.02,1440.65,1434.50,1428.61,1422.86,1417.34,1411.95,1406.75,1401.70,1397.49,1393.68,1390.29,1387.21,1384.29,1381.65,1379.05,1376.66,1374.52,1372.51,1372.31,1373.76,1375.33,1377.04,1379.06,1381.79,1385.49,1389.64,1394.29,1399.36,1404.89,1410.86,1417.36,1424.35,1431.96,1440.16,1449.05,1458.32,1468.24,1478.67,1489.79,1501.83,1514.82,1528.48,1542.86,1558.05,1574.16,1591.32,1609.75,99999.00,99999.00,99999.00,99999.00,99999.00,99999.00,99999.00,99999.00,99999.00,99999.00,99999.00,99999.00,99999.00,99999.00,99999.00,99999.00,1944.27,1959.91,1977.25,99999.00,99999.00,99999.00,99999.00,99999.00,99999.00,99999.00,99999.00,99999.00,99999.00,99999.00,99999.00,99999.00,99999.00,99999.00
99999.00,99999.00,99999.00,99999.00,99999.00,99999.00,99999.00,99999.00,99999.00,99999.00,99999.00,99999.00,99999.00,99999.00,99999.00,99999.00,99999.00,99999.00,99999.00,99999.00,99999.00,99999.00,99999.00,1760.66,1742.15,1724.77,1708.29,1692.55,1677.52,1663.12,1649.41,1636.49,1623.99,1612.08,1600.71,1589.60,1578.96,1568.70,1558.63,1548.88,1539.41,1530.09,1520.96,1511.97,1503.17,1494.50,1485.96,1477.51,1469.11,1460.90,1454.42,1448.12,1442.04,1436.11,1430.38,1424.78,1419.36,1414.10,1409.26,1405.06,1401.34,1397.90,1394.75,1391.77,1388.96,1386.33,1383.87,1381.63,1379.57,1379.23,1380.55,1382.06,1383.72,1385.70,1388.18,1391.72,1395.90,1400.54,1405.55,1411.00,1416.91,1423.28,1430.20,1437.62,1445.68,1454.35,1463.38,1473.08,1483.22,1494.06,1505.48,1517.89,1531.08,1544.95,1559.56,1575.01,1591.41,1608.89,1627.65,99999.00,99999.00,99999.00,99999.00,99999.00,99999.00,99999.00,99999.00,99999.00,99999.00,99999.00,99999.00,99999.00,99999.00,1910.95,1926.85,1943.78,1962.07,99999.00,99999.00,99999.00,99999.00,99999.00,99999.00,99999.00,99999.00,99999.00,99999.00,99999.00,99999.00,99999.00,99999.00,99999.00
99999.00,99999.00,99999.00,99999.00,99999.00,99999.00,99999.00,99999.00,99999.00,99999.00,99999.00,99999.00,99999.00,99999.00,99999.00,99999.00,99999.00,99999.00,99999.00,99999.00,99999.00,99999.00,99999.00,1766.35,1747.62,1729.99,1713.29,1697.44,1682.47,1668.47,1655.01,1642.26,1630.13,1618.35,1607.08,1596.26,1585.68,1575.44,1565.41,1555.67,1546.11,1536.75,1527.56,1518.55,1509.70,1500.98,1492.36,1483.79,1475.37,1468.79,1462.34,1456.08,1449.94,1443.98,1438.14,1432.48,1426.98,1421.67,1417.06,1412.86,1409.08,1405.62,1402.34,1399.33,1396.37,1393.63,1391.15,1388.80,1386.71,1386.23,1387.41,1388.80,1390.43,1392.42,1394.74,1397.85,1402.07,1406.71,1411.70,1417.07,1422.89,1429.18,1435.95,1443.27,1451.12,1459.63,1468.47,1477.92,1487.75,1498.31,1509.37,1521.19,1533.90,1547.24,1561.26,1576.02,1591.60,1608.08,1625.55,1644.06,99999.00,99999.00,99999.00,99999.00,99999.00,99999.00,99999.00,99999.00,99999.00,99999.00,99999.00,99999.00,1878.31,1894.71,1911.64,1929.37,1947.98,99999.00,99999.00,99999.00,99999.00,99999.00,99999.00,99999.00,99999.00,99999.00,99999.00,99999.00,99999.00,99999.00,99999.00,99999.00
99999.00,99999.00,99999.00,99999.00,99999.00,99999.00,99999.00,99999.00,99999.00,99999.00,99999.00,99999.00,99999.00,99999.00,99999.00,99999.00,99999.00,99999.00,99999.00,99999.00,99999.00,99999.00,99999.00,1772.38,1753.37,1735.58,1718.98,1703.52,1688.81,1674.98,1661.89,1649.27,1637.25,1625.73,1614.52,1603.58,1593.01,1582.68,1572.66,1562.84,1553.24,1543.82,1534.60,1525.54,1516.64,1507.84,1499.10,1490.51,1483.86,1477.28,1470.84,1464.47,1458.26,1452.15,1446.20,1440.41,1434.82,1429.61,1424.98,1420.83,1416.98,1413.42,1410.05,1406.86,1403.85,1401.03,1398.45,1396.05,1393.93,1393.30,1394.35,1395.65,1397.26,1399.15,1401.37,1404.15,1408.18,1412.80,1417.78,1423.11,1428.83,1435.01,1441.68,1448.84,1456.57,1464.84,1473.50,1482.73,1492.33,1502.56,1513.24,1524.70,1536.71,1549.52,1562.93,1577.00,1591.76,1607.27,1623.53,1640.54,1658.22,1676.35,1694.70,1712.04,1729.29,1746.46,1763.03,1779.80,1796.12,1812.93,1830.22,1847.02,1863.76,1880.77,1898.23,1916.09,1935.00,99999.00,99999.00,99999.00,99999.00,99999.00,99999.00,99999.00,99999.00,99999.00,99999.00,99999.00,99999.00,99999.00,99999.00,99999.00
99999.00,99999.00,99999.00,99999.00,99999.00,99999.00,99999.00,99999.00,99999.00,99999.00,99999.00,99999.00,99999.00,99999.00,99999.00,99999.00,99999.00,99999.00,99999.00,99999.00,99999.00,99999.00,99999.00,1778.81,1759.87,1742.55,1726.23,1710.95,1696.61,1682.90,1669.93,1657.38,1645.39,1633.75,1622.41,1611.49,1600.83,1590.51,1580.41,1570.55,1560.89,1551.44,1542.17,1533.07,1524.08,1515.16,1506.41,1499.74,1493.07,1486.46,1479.85,1473.36,1466.93,1460.65,1454.52,1448.60,1442.94,1437.84,1433.16,1428.91,1425.00,1421.28,1417.86,1414.50,1411.37,1408.52,1405.81,1403.38,1401.25,1400.51,1401.46,1402.65,1404.17,1406.04,1408.21,1410.72,1414.22,1418.84,1423.78,1429.08,1434.75,1440.82,1447.36,1454.40,1461.93,1470.06,1478.55,1487.49,1496.85,1506.81,1517.18,1528.23,1539.77,1552.04,1564.85,1578.24,1592.22,1606.81,1622.00,1637.75,1653.99,1670.58,1687.37,1704.05,1720.07,1736.32,1752.25,1768.14,1784.47,1801.25,1817.77,1834.44,1851.37,1868.60,1885.95,1903.95,1923.14,99999.00,99999.00,99999.00,99999.00,99999.00,99999.00,99999.00,99999.00,99999.00,99999.00,99999.00,99999.00,99999.00,99999.00,99999.00
99999.00,99999.00,99999.00,99999.00,99999.00,99999.00,99999.00,99999.00,99999.00,99999.00,99999.00,99999.00,99999.00,99999.00,99999.00,99999.00,99999.00,99999.00,99999.00,99999.00,99999.00,99999.00,99999.00,1786.65,1768.13,1751.07,1735.18,1720.02,1705.59,1691.93,1678.78,1666.25,1654.13,1642.37,1631.05,1620.04,1609.39,1598.99,1588.85,1578.92,1569.24,1559.74,1550.42,1541.24,1532.13,1523.20,1516.53,1509.85,1503.12,1496.28,1489.47,1482.67,1476.00,1469.46,1463.14,1457.09,1451.40,1446.20,1441.52,1437.16,1433.12,1429.29,1425.66,1422.23,1419.01,1416.05,1413.34,1410.93,1408.73,1407.87,1408.71,1409.80,1411.23,1413.05,1415.10,1417.50,1420.57,1424.86,1429.74,1434.98,1440.61,1446.60,1453.01,1459.90,1467.30,1475.21,1483.52,1492.27,1501.41,1511.02,1521.09,1531.78,1542.92,1554.77,1567.00,1579.73,1592.98,1606.73,1620.96,1635.65,1650.71,1666.07,1681.63,1697.38,1712.75,1728.04,1743.65,1759.58,1775.21,1791.20,1807.61,1824.31,1840.92,1857.83,1875.35,1893.67,1912.83,99999.00,99999.00,99999.00,99999.00,99999.00,99999.00,99999.00,99999.00,99999.00,99999.00,99999.00,99999.00,99999.00,99999.00,99999.00
99999.00,99999.00,99999.00,99999.00,99999.00,99999.00,99999.00,99999.00,99999.00,99999.00,99999.00,99999.00,99999.00,99999.00,99999.00,99999.00,99999.00,99999.00,99999.00,99999.00,99999.00,99999.00,99999.00,1796.23,1778.30,1761.42,1745.33,1729.99,1715.54,1701.70,1688.57,1675.92,1663.68,1651.93,1640.52,1629.52,1618.79,1608.35,1598.15,1588.20,1578.46,1568.92,1559.52,1550.21,1541.09,1534.43,1527.74,1520.99,1513.97,1506.85,1499.63,1492.47,1485.44,1478.61,1472.09,1465.93,1460.16,1454.85,1450.01,1445.55,1441.31,1437.40,1433.61,1430.09,1426.87,1423.82,1421.06,1418.63,1416.38,1415.40,1416.13,1417.11,1418.44,1420.17,1422.16,1424.49,1427.23,1431.11,1435.79,1440.94,1446.46,1452.37,1458.66,1465.39,1472.62,1480.36,1488.52,1497.01,1505.92,1515.29,1525.06,1535.33,1546.08,1557.47,1569.27,1581.39,1593.95,1606.93,1620.32,1634.09,1648.18,1662.52,1677.07,1691.84,1706.84,1722.09,1736.96,1752.10,1767.60,1783.49,1799.35,1815.46,1831.99,1848.99,1866.29,1884.35,1903.62,99999.00,99999.00,99999.00,99999.00,99999.00,99999.00,99999.00,99999.00,99999.00,99999.00,99999.00,99999.00,99999.00,99999.00,99999.00
99999.00,99999.00,99999.00,99999.00,99999.00,99999.00,99999.00,99999.00,99999.00,99999.00,99999.00,99999.00,99999.00,99999.00,99999.00,99999.00,99999.00,99999.00,99999.00,99999.00,99999.00,99999.00,99999.00,1807.72,1789.71,1772.74,1756.55,1741.20,1726.58,1712.76,1699.50,1686.73,1674.51,1662.67,1651.27,1640.19,1629.42,1618.91,1608.69,1598.69,1588.90,1579.28,1569.76,1560.44,1553.77,1547.09,1540.33,1533.28,1525.90,1518.21,1510.47,1502.80,1495.33,1488.19,1481.46,1475.12,1469.16,1463.78,1458.78,1454.17,1449.81,1445.69,1441.81,1438.17,1434.82,1431.75,1429.01,1426.50,1424.19,1423.09,1423.70,1424.58,1425.80,1427.46,1429.34,1431.54,1434.10,1437.54,1442.09,1447.02,1452.43,1458.21,1464.41,1470.99,1478.03,1485.56,1493.60,1501.87,1510.58,1519.63,1529.12,1539.07,1549.44,1560.33,1571.67,1583.39,1595.35,1607.69,1620.38,1633.41,1646.72,1660.28,1674.05,1688.03,1702.24,1716.70,1731.44,1746.49,1761.43,1776.64,1792.28,1808.31,1824.44,1841.01,1858.27,1876.43,1895.71,99999.00,99999.00,99999.00,99999.00,99999.00,99999.00,99999.00,99999.00,99999.00,99999.00,99999.00,99999.00,99999.00,99999.00,99999.00
99999.00,99999.00,99999.00,99999.00,99999.00,99999.00,99999.00,99999.00,99999.00,99999.00,99999.00,99999.00,99999.00,99999.00,99999.00,99999.00,99999.00,99999.00,99999.00,99999.00,99999.00,99999.00,99999.00,1820.18,1802.35,1785.52,1769.48,1753.99,1739.38,1725.43,1712.06,1699.30,1686.98,1675.16,1663.68,1652.56,1641.72,1631.20,1620.92,1610.87,1601.00,1591.26,1581.72,1574.75,1568.08,1561.40,1554.57,1547.13,1539.03,1530.57,1522.05,1513.71,1505.75,1498.27,1491.25,1484.68,1478.53,1472.92,1467.77,1462.90,1458.42,1454.12,1450.13,1446.47,1443.01,1439.89,1437.11,1434.54,1432.18,1430.95,1431.44,1432.21,1433.32,1434.89,1436.74,1438.76,1441.23,1444.30,1448.55,1453.36,1458.53,1464.20,1470.25,1476.72,1483.58,1490.91,1498.75,1506.90,1515.43,1524.22,1533.44,1543.02,1553.04,1563.52,1574.41,1585.80,1597.40,1609.19,1621.29,1633.68,1646.34,1659.23,1672.32,1685.63,1699.17,1712.96,1727.03,1741.40,1756.11,1771.20,1786.34,1801.82,1817.78,1834.33,1851.46,1869.28,1888.33,99999.00,99999.00,99999.00,99999.00,99999.00,99999.00,99999.00,99999.00,99999.00,99999.00,99999.00,99999.00,99999.00,99999.00,99999.00
99999.00,99999.00,99999.00,99999.00,99999.00,99999.00,99999.00,99999.00,99999.00,99999.00,99999.00,99999.00,99999.00,99999.00,99999.00,99999.00,99999.00,99999.00,99999.00,99999.00,99999.00,99999.00,99999.00,1834.00,1816.73,99999.00,99999.00,99999.00,99999.00,99999.00,99999.00,99999.00,99999.00,99999.00,99999.00,99999.00,99999.00,99999.00,99999.00,99999.00,99999.00,99999.00,99999.00,99999.00,99999.00,99999.00,99999.00,99999.00,99999.00,1543.97,1534.37,1525.21,1516.68,1508.75,1501.39,1494.49,1488.16,1482.32,1476.96,1471.93,1467.21,1462.79,1458.66,1454.86,1451.38,1448.25,1445.38,1442.75,1440.34,1438.99,1439.36,1440.01,1441.01,1442.48,1444.28,1446.19,1448.44,1451.28,1455.07,1459.86,1464.91,1470.33,1476.24,1482.55,1489.28,1496.41,1504.02,1512.09,1520.39,1529.00,1538.00,1547.26,1556.95,1566.99,1577.46,1588.37,1599.66,1611.10,1622.67,1634.51,1646.59,1658.90,1671.40,1684.12,1697.08,1710.28,1723.76,1737.55,1751.67,1766.17,1781.09,1796.46,1812.21,1828.30,1845.12,1862.84,1881.74,99999.00,99999.00,99999.00,99999.00,99999.00,99999.00,99999.00,99999.00,99999.00,99999.00,99999.00,99999.00,99999.00,99999.00,99999.00
99999.00,99999.00,99999.00,99999.00,99999.00,99999.00,99999.00,99999.00,99999.00,99999.00,99999.00,99999.00,99999.00,99999.00,99999.00,99999.00,99999.00,99999.00,99999.00,99999.00,99999.00,99999.00,99999.00,1849.66,99999.00,99999.00,99999.00,99999.00,99999.00,99999.00,99999.00,99999.00,99999.00,99999.00,99999.00,99999.00,99999.00,99999.00,99999.00,99999.00,99999.00,99999.00,99999.00,99999.00,99999.00,99999.00,99999.00,99999.00,99999.00,99999.00,1547.36,1537.22,1527.97,1519.53,1511.73,1504.58,1497.95,1491.89,1486.24,1481.06,1476.13,1471.58,1467.41,1463.49,1459.94,1456.77,1453.83,1451.14,1448.68,1447.20,1447.44,1447.98,1448.88,1450.24,1451.96,1453.86,1455.90,1458.55,1461.94,1466.45,1471.46,1476.73,1482.39,1488.54,1495.10,1502.08,1509.47,1517.34,1525.50,1533.99,1542.71,1551.74,1561.16,1570.83,1580.91,1591.31,1602.11,1613.26,1624.52,1635.86,1647.44,1659.22,1671.21,1683.41,1695.85,1708.53,1721.49,1734.76,1748.37,1762.35,1776.75,1791.61,1806.97,1822.90,1839.51,1856.95,1875.45,99999.00,99999.00,99999.00,99999.00,99999.00,99999.00,99999.00,99999.00,99999.00,99999.00,99999.00,99999.00,99999.00,99999.00,99999.00
99999.00,99999.00,99999.00,99999.00,99999.00,99999.00,99999.00,99999.00,99999.00,99999.00,99999.00,99999.00,99999.00,99999.00,99999.00,99999.00,99999.00,99999.00,99999.00,99999.00,99999.00,99999.00,99999.00,99999.00,99999.00,99999.00,99999.00,99999.00,99999.00,99999.00,99999.00,99999.00,99999.00,99999.00,99999.00,99999.00,99999.00,99999.00,99999.00,99999.00,99999.00,99999.00,99999.00,99999.00,99999.00,99999.00,99999.00,99999.00,99999.00,99999.00,99999.00,1549.47,1539.46,1530.44,1522.30,1514.84,1507.93,1501.63,1495.78,1490.34,1485.28,1480.57,1476.25,1472.29,1468.73,1465.47,1462.46,1459.72,1457.20,1455.59,1455.71,1456.13,1456.92,1458.18,1459.81,1461.67,1463.64,1465.98,1469.06,1473.18,1478.11,1483.34,1488.83,1494.71,1501.10,1507.88,1515.10,1522.74,1530.83,1539.08,1547.62,1556.49,1565.58,1574.97,1584.73,1594.70,1605.06,1615.71,1626.71,1637.77,1648.89,1660.22,1671.74,1683.48,1695.45,1707.68,1720.18,1732.98,1746.12,1759.64,1773.58,1787.99,1802.90,1818.40,1834.60,1851.64,1869.77,99999.00,99999.00,99999.00,99999.00,99999.00,99999.00,99999.00,99999.00,99999.00,99999.00,99999.00,99999.00,99999.00,99999.00,99999.00
99999.00,99999.00,99999.00,99999.00,99999.00,99999.00,99999.00,99999.00,99999.00,99999.00,99999.00,99999.00,99999.00,99999.00,99999.00,99999.00,99999.00,99999.00,99999.00,99999.00,99999.00,99999.00,99999.00,99999.00,99999.00,99999.00,99999.00,99999.00,99999.00,99999.00,99999.00,99999.00,99999.00,99999.00,99999.00,99999.00,99999.00,99999.00,99999.00,99999.00,99999.00,99999.00,99999.00,99999.00,99999.00,99999.00,99999.00,99999.00,99999.00,99999.00,99999.00,1561.64,1550.89,1541.44,1532.94,1525.18,1518.03,1511.41,1505.39,1499.73,1494.52,1489.77,1485.32,1481.29,1477.69,1474.35,1471.28,1468.48,1465.92,1464.17,1464.17,1464.47,1465.15,1466.31,1467.84,1469.63,1471.59,1473.75,1476.59,1480.19,1484.92,1490.06,1495.49,1501.19,1507.29,1513.89,1520.90,1528.34,1536.19,1544.36,1552.80,1561.39,1570.26,1579.44,1588.82,1598.48,1608.48,1618.66,1629.19,1639.97,1650.86,1661.77,1672.87,1684.20,1695.75,1707.56,1719.64,1732.03,1744.75,1757.86,1771.38,1785.37,1799.89,1814.99,1830.81,1847.50,1865.28,99999.00,99999.00,99999.00,99999.00,99999.00,99999.00,99999.00,99999.00,99999.00,99999.00,99999.00,99999.00,99999.00,99999.00,99999.00
99999.00,99999.00,99999.00,99999.00,99999.00,99999.00,99999.00,99999.00,99999.00,99999.00,99999.00,99999.00,99999.00,99999.00,99999.00,99999.00,99999.00,99999.00,99999.00,99999.00,99999.00,99999.00,99999.00,99999.00,99999.00,99999.00,99999.00,99999.00,99999.00,99999.00,99999.00,99999.00,99999.00,99999.00,99999.00,99999.00,99999.00,99999.00,99999.00,99999.00,99999.00,99999.00,99999.00,99999.00,99999.00,99999.00,99999.00,99999.00,99999.00,99999.00,99999.00,1573.40,1562.21,1552.38,1543.57,1535.56,1528.22,1521.40,1515.12,1509.32,1503.96,1499.05,1494.57,1490.53,1486.83,1483.42,1480.31,1477.45,1474.83,1472.95,1472.82,1473.01,1473.58,1474.63,1476.07,1477.76,1479.69,1481.84,1484.36,1487.62,1491.93,1496.96,1502.29,1507.92,1513.82,1520.12,1526.93,1534.14,1541.78,1549.83,1558.07,1566.54,1575.27,1584.14,1593.27,1602.68,1612.28,1622.11,1632.25,1642.54,1653.14,1663.87,1674.61,1685.55,1696.73,1708.15,1719.86,1731.87,1744.22,1756.94,1770.09,1783.71,1797.85,1812.60,1828.07,1844.42,1861.88,99999.00,99999.00,99999.00,99999.00,99999.00,99999.00,99999.00,99999.00,99999.00,99999.00,99999.00,99999.00,99999.00,99999.00,99999.00
99999.00,99999.00,99999.00,99999.00,99999.00,99999.00,99999.00,99999.00,99999.00,99999.00,99999.00,99999.00,99999.00,99999.00,99999.00,99999.00,99999.00,99999.00,99999.00,99999.00,99999.00,99999.00,99999.00,99999.00,99999.00,99999.00,99999.00,99999.00,99999.00,99999.00,99999.00,99999.00,99999.00,99999.00,99999.00,99999.00,99999.00,99999.00,99999.00,99999.00,99999.00,99999.00,99999.00,99999.00,99999.00,99999.00,99999.00,99999.00,99999.00,99999.00,99999.00,1585.02,1573.45,1563.32,1554.26,1546.06,1538.48,1531.49,1524.99,1519.04,1513.64,1508.60,1504.04,1499.96,1496.19,1492.72,1489.55,1486.64,1483.96,1481.94,1481.69,1481.76,1482.23,1483.17,1484.51,1486.11,1487.97,1490.14,1492.50,1495.51,1499.29,1504.12,1509.29,1514.80,1520.62,1526.71,1533.20,1540.19,1547.58,1555.41,1563.61,1571.94,1580.44,1589.16,1598.12,1607.19,1616.50,1626.07,1635.78,1645.71,1655.92,1666.24,1676.84,1687.44,1698.27,1709.35,1720.71,1732.38,1744.38,1756.76,1769.56,1782.83,1796.64,1811.06,1826.21,1842.25,1859.41,99999.00,99999.00,99999.00,99999.00,99999.00,99999.00,99999.00,99999.00,99999.00,99999.00,99999.00,99999.00,99999.00,99999.00,99999.00
99999.00,99999.00,99999.00,99999.00,99999.00,99999.00,99999.00,99999.00,99999.00,99999.00,99999.00,99999.00,99999.00,99999.00,99999.00,99999.00,99999.00,99999.00,99999.00,99999.00,99999.00,99999.00,99999.00,99999.00,99999.00,99999.00,99999.00,99999.00,99999.00,99999.00,99999.00,99999.00,99999.00,99999.00,99999.00,99999.00,99999.00,99999.00,99999.00,99999.00,99999.00,99999.00,99999.00,99999.00,99999.00,99999.00,99999.00,99999.00,99999.00,99999.00,99999.00,1596.59,1584.71,1574.33,1565.08,1556.64,1548.94,1541.74,1535.10,1529.00,1523.43,1518.37,1513.80,1509.62,1505.78,1502.26,1499.04,1496.07,1493.31,1491.17,1490.79,1490.75,1491.10,1491.95,1493.18,1494.70,1496.46,1498.63,1500.98,1503.67,1507.10,1511.58,1516.66,1521.95,1527.61,1533.60,1539.87,1546.53,1553.69,1561.25,1569.24,1577.52,1585.96,1594.50,1603.21,1612.11,1621.22,1630.43,1639.85,1649.50,1659.26,1669.22,1679.43,1689.75,1700.26,1711.03,1722.07,1733.42,1745.10,1757.16,1769.65,1782.61,1796.10,1810.22,1825.07,1840.82,1857.71,99999.00,99999.00,99999.00,99999.00,99999.00,99999.00,99999.00,99999.00,99999.00,99999.00,99999.00,99999.00,99999.00,99999.00,99999.00
99999.00,99999.00,99999.00,99999.00,99999.00,99999.00,99999.00,99999.00,99999.00,99999.00,99999.00,99999.00,99999.00,99999.00,99999.00,99999.00,99999.00,99999.00,99999.00,99999.00,99999.00,99999.00,99999.00,99999.00,99999.00,99999.00,99999.00,99999.00,99999.00,99999.00,99999.00,99999.00,99999.00,99999.00,99999.00,99999.00,99999.00,99999.00,99999.00,99999.00,99999.00,99999.00,99999.00,99999.00,99999.00,99999.00,99999.00,99999.00,99999.00,99999.00,99999.00,1608.21,1596.08,1585.51,1576.02,1567.46,1559.54,1552.17,1545.38,1539.24,1533.55,1528.41,1523.80,1519.54,1515.64,1512.07,1508.79,1505.76,1502.92,1500.64,1500.15,1499.98,1500.23,1500.97,1502.11,1503.53,1505.21,1507.34,1509.74,1512.25,1515.42,1519.37,1524.37,1529.58,1534.97,1540.75,1546.88,1553.30,1560.11,1567.43,1575.13,1583.26,1591.62,1600.10,1608.72,1617.43,1626.27,1635.29,1644.50,1653.78,1663.24,1672.91,1682.68,1692.64,1702.84,1713.17,1723.91,1734.97,1746.36,1758.13,1770.32,1782.99,1796.20,1810.03,1824.60,1840.08,1856.71,99999.00,99999.00,99999.00,99999.00,99999.00,99999.00,99999.00,99999.00,99999.00,99999.00,99999.00,99999.00,99999.00,99999.00,99999.00
99999.00,99999.00,99999.00,99999.00,99999.00,99999.00,99999.00,99999.00,99999.00,99999.00,99999.00,99999.00,99999.00,99999.00,99999.00,99999.00,99999.00,99999.00,99999.00,99999.00,99999.00,99999.00,99999.00,99999.00,99999.00,99999.00,99999.00,99999.00,99999.00,99999.00,99999.00,99999.00,99999.00,99999.00,99999.00,99999.00,99999.00,99999.00,99999.00,99999.00,99999.00,99999.00,99999.00,99999.00,99999.00,99999.00,99999.00,99999.00,99999.00,99999.00,99999.00,1619.97,1607.65,1596.84,1587.23,1578.45,1570.36,1562.89,1555.96,1549.65,1543.93,1538.79,1534.08,1529.76,1525.80,1522.17,1518.84,1515.74,1512.81,1510.40,1509.78,1509.50,1509.63,1510.27,1511.31,1512.64,1514.23,1516.32,1518.73,1521.23,1524.07,1527.66,1532.29,1537.54,1542.88,1548.38,1554.26,1560.49,1567.02,1573.97,1581.42,1589.25,1597.50,1605.95,1614.48,1623.10,1631.85,1640.66,1649.58,1658.66,1667.90,1677.20,1686.67,1696.34,1706.11,1716.07,1726.27,1737.05,1748.17,1759.67,1771.59,1783.99,1796.93,1810.50,1824.81,1840.04,1856.42,99999.00,99999.00,99999.00,99999.00,99999.00,99999.00,99999.00,99999.00,99999.00,99999.00,99999.00,99999.00,99999.00,99999.00,99999.00
99999.00,99999.00,99999.00,99999.00,99999.00,99999.00,99999.00,99999.00,99999.00,99999.00,99999.00,99999.00,99999.00,99999.00,99999.00,99999.00,99999.00,99999.00,99999.00,99999.00,99999.00,99999.00,99999.00,99999.00,99999.00,99999.00,99999.00,99999.00,99999.00,99999.00,99999.00,99999.00,99999.00,99999.00,99999.00,99999.00,99999.00,99999.00,99999.00,99999.00,99999.00,99999.00,99999.00,99999.00,99999.00,99999.00,99999.00,99999.00,99999.00,99999.00,99999.00,1631.97,1619.42,1608.48,1598.65,1589.70,1581.52,1573.86,1566.88,1560.45,1554.66,1549.46,1544.68,1540.30,1536.29,1532.61,1529.21,1526.03,1523.00,1520.46,1519.71,1519.32,1519.34,1519.87,1520.82,1522.05,1523.55,1525.60,1528.01,1530.53,1533.20,1536.51,1540.61,1545.76,1551.12,1556.60,1562.20,1568.18,1574.51,1581.13,1588.17,1595.70,1603.63,1611.98,1620.52,1629.12,1637.75,1646.46,1655.28,1664.14,1673.10,1682.20,1691.45,1700.75,1710.21,1719.88,1729.65,1739.61,1750.48,1761.72,1773.39,1785.53,1798.22,1811.54,1825.62,1840.61,1856.76,99999.00,99999.00,99999.00,99999.00,99999.00,99999.00,99999.00,99999.00,99999.00,99999.00,99999.00,99999.00,99999.00,99999.00,99999.00
99999.00,99999.00,99999.00,99999.00,99999.00,99999.00,99999.00,99999.00,99999.00,99999.00,99999.00,99999.00,99999.00,99999.00,99999.00,99999.00,99999.00,99999.00,99999.00,99999.00,99999.00,99999.00,99999.00,99999.00,99999.00,99999.00,99999.00,99999.00,99999.00,99999.00,99999.00,99999.00,99999.00,99999.00,99999.00,99999.00,99999.00,99999.00,99999.00,99999.00,99999.00,99999.00,99999.00,99999.00,99999.00,99999.00,99999.00,99999.00,99999.00,99999.00,99999.00,1644.21,1631.53,1620.38,1610.38,1601.34,1592.96,1585.19,1578.05,1571.59,1565.79,1560.49,1555.65,1551.21,1547.15,1543.41,1539.94,1536.67,1533.53,1530.85,1529.98,1529.47,1529.39,1529.82,1530.66,1531.81,1533.22,1535.22,1537.63,1540.15,1542.80,1545.78,1549.51,1554.28,1559.67,1565.15,1570.78,1576.47,1582.53,1588.95,1595.65,1602.77,1610.39,1618.39,1626.80,1635.41,1644.06,1652.74,1661.49,1670.28,1679.12,1688.00,1696.96,1706.06,1715.31,1724.61,1734.07,1743.74,1753.51,1764.31,1775.79,1787.74,1800.24,1813.37,1827.26,1842.07,1858.05,99999.00,99999.00,99999.00,99999.00,99999.00,99999.00,99999.00,99999.00,99999.00,99999.00,99999.00,99999.00,99999.00,99999.00,99999.00
99999.00,99999.00,99999.00,99999.00,99999.00,99999.00,99999.00,99999.00,99999.00,99999.00,99999.00,99999.00,99999.00,99999.00,99999.00,99999.00,99999.00,99999.00,99999.00,99999.00,99999.00,99999.00,99999.00,99999.00,99999.00,99999.00,99999.00,99999.00,99999.00,99999.00,99999.00,99999.00,99999.00,99999.00,99999.00,99999.00,99999.00,99999.00,99999.00,99999.00,99999.00,99999.00,99999.00,99999.00,99999.00,99999.00,99999.00,99999.00,99999.00,99999.00,99999.00,1656.86,1643.97,1632.65,1622.55,1613.32,1604.83,1596.96,1589.69,1583.16,1577.31,1571.94,1567.03,1562.54,1558.43,1554.63,1551.08,1547.71,1544.44,1541.63,1540.63,1540.00,1539.81,1540.14,1540.89,1541.94,1543.26,1545.22,1547.63,1550.15,1552.80,1555.61,1559.06,1563.29,1568.57,1574.06,1579.68,1585.41,1591.22,1597.37,1603.86,1610.64,1617.83,1625.52,1633.57,1642.05,1650.70,1659.39,1668.11,1676.89,1685.69,1694.54,1703.43,1712.38,1721.35,1730.44,1739.69,1748.99,1758.46,1768.13,1778.85,1790.66,1803.02,1816.01,1829.76,1844.44,1860.30,99999.00,99999.00,99999.00,99999.00,99999.00,99999.00,99999.00,99999.00,99999.00,99999.00,99999.00,99999.00,99999.00,99999.00,99999.00
99999.00,99999.00,99999.00,99999.00,99999.00,99999.00,99999.00,99999.00,99999.00,99999.00,99999.00,99999.00,99999.00,99999.00,99999.00,99999.00,99999.00,99999.00,99999.00,99999.00,99999.00,99999.00,99999.00,99999.00,99999.00,99999.00,99999.00,99999.00,99999.00,99999.00,99999.00,99999.00,99999.00,99999.00,99999.00,99999.00,99999.00,99999.00,99999.00,99999.00,99999.00,99999.00,99999.00,99999.00,99999.00,99999.00,99999.00,99999.00,99999.00,99999.00,99999.00,1669.84,1656.80,1645.40,1635.12,1625.77,1617.18,1609.07,1601.77,1595.24,1589.29,1583.86,1578.89,1574.35,1570.18,1566.31,1562.67,1559.18,1555.77,1552.82,1551.71,1550.96,1550.66,1550.88,1551.53,1552.49,1553.73,1555.65,1558.06,1560.58,1563.23,1566.04,1569.13,1572.99,1577.89,1583.39,1589.00,1594.75,1600.55,1606.53,1612.75,1619.31,1626.15,1633.40,1641.14,1649.25,1657.77,1666.46,1675.18,1683.92,1692.72,1701.53,1710.38,1719.26,1728.22,1737.19,1746.28,1755.49,1764.74,1774.04,1783.50,1794.24,1806.19,1819.05,1832.68,1847.24,1862.97,99999.00,99999.00,99999.00,99999.00,99999.00,99999.00,99999.00,99999.00,99999.00,99999.00,99999.00,99999.00,99999.00,99999.00,99999.00
99999.00,99999.00,99999.00,99999.00,99999.00,99999.00,99999.00,99999.00,99999.00,99999.00,99999.00,99999.00,99999.00,99999.00,99999.00,99999.00,99999.00,99999.00,99999.00,99999.00,99999.00,99999.00,99999.00,99999.00,99999.00,99999.00,99999.00,99999.00,99999.00,99999.00,99999.00,99999.00,99999.00,99999.00,99999.00,99999.00,99999.00,99999.00,99999.00,99999.00,99999.00,99999.00,99999.00,99999.00,99999.00,99999.00,99999.00,99999.00,99999.00,99999.00,99999.00,1682.94,1669.98,1658.47,1648.14,1638.72,1629.92,1621.71,1614.36,1607.78,1601.77,1596.29,1591.28,1586.69,1582.46,1578.51,1574.77,1571.13,1567.58,1564.50,1563.26,1562.40,1561.99,1562.11,1562.66,1563.53,1564.68,1566.56,1568.97,1571.49,1574.14,1576.95,1580.01,1583.47,1587.82,1593.21,1598.82,1604.55,1610.39,1616.31,1622.46,1628.74,1635.36,1642.26,1649.56,1657.34,1665.49,1674.04,1682.77,1691.51,1700.27,1709.07,1717.88,1726.73,1735.61,1744.57,1753.53,1762.63,1771.84,1781.09,1790.38,1799.84,1810.56,1822.74,1836.25,1850.69,1866.31,99999.00,99999.00,99999.00,99999.00,99999.00,99999.00,99999.00,99999.00,99999.00,99999.00,99999.00,99999.00,99999.00,99999.00,99999.00
99999.00,99999.00,99999.00,99999.00,99999.00,99999.00,99999.00,99999.00,99999.00,99999.00,99999.00,99999.00,99999.00,99999.00,99999.00,99999.00,99999.00,99999.00,99999.00,99999.00,99999.00,99999.00,99999.00,2305.44,99999.00,99999.00,99999.00,99999.00,99999.00,99999.00,99999.00,99999.00,99999.00,99999.00,99999.00,99999.00,99999.00,99999.00,99999.00,99999.00,99999.00,99999.00,99999.00,99999.00,99999.00,99999.00,99999.00,99999.00,99999.00,99999.00,1710.77,1696.20,1683.38,1671.96,1661.64,1652.08,1643.08,1634.88,1627.56,1620.91,1614.85,1609.33,1604.28,1599.64,1595.34,1591.31,1587.42,1583.63,1579.93,1576.73,1575.37,1574.39,1573.87,1573.89,1574.34,1575.12,1576.18,1578.03,1580.44,1582.96,1585.61,1588.42,1591.48,1594.78,1598.63,1603.62,1609.24,1614.95,1620.80,1626.70,1632.77,1639.08,1645.45,1652.12,1659.06,1666.40,1674.22,1682.40,1690.98,1699.72,1708.48,1717.24,1726.04,1734.85,1743.71,1752.59,1761.55,1770.51,1779.61,1788.81,1798.06,1807.35,1816.79,1828.08,1840.52,1854.79,1870.31,99999.00,99999.00,99999.00,99999.00,99999.00,99999.00,99999.00,99999.00,99999.00,99999.00,99999.00,99999.00,99999.00,99999.00,99999.00
99999.00,99999.00,99999.00,99999.00,99999.00,99999.00,99999.00,99999.00,99999.00,99999.00,99999.00,99999.00,99999.00,99999.00,99999.00,99999.00,99999.00,99999.00,99999.00,99999.00,99999.00,99999.00,99999.00,2293.70,2272.52,99999.00,99999.00,99999.00,99999.00,99999.00,99999.00,99999.00,99999.00,99999.00,99999.00,99999.00,99999.00,99999.00,99999.00,99999.00,99999.00,99999.00,99999.00,99999.00,99999.00,99999.00,99999.00,99999.00,99999.00,1739.52,1723.68,1709.68,1697.21,1685.98,1675.62,1665.93,1656.89,1648.70,1641.38,1634.71,1628.62,1623.07,1617.99,1613.30,1608.94,1604.75,1600.70,1596.76,1592.93,1589.60,1588.11,1587.02,1586.39,1586.31,1586.67,1587.36,1588.33,1590.16,1592.57,1595.09,1597.73,1600.55,1603.61,1606.91,1610.59,1614.93,1620.36,1626.07,1631.89,1637.81,1643.83,1650.06,1656.41,1662.99,1669.71,1676.69,1684.07,1691.91,1700.12,1708.71,1717.46,1726.23,1734.99,1743.79,1752.60,1761.46,1770.34,1779.30,1788.26,1797.36,1806.56,1815.80,1825.08,1834.51,1846.51,1859.90,1874.99,99999.00,99999.00,99999.00,99999.00,99999.00,99999.00,99999.00,99999.00,99999.00,99999.00,99999.00,99999.00,99999.00,99999.00,99999.00
99999.00,99999.00,99999.00,99999.00,99999.00,99999.00,99999.00,99999.00,99999.00,99999.00,99999.00,99999.00,99999.00,99999.00,99999.00,99999.00,99999.00,99999.00,99999.00,99999.00,99999.00,99999.00,99999.00,2286.13,2264.59,2243.65,2223.16,2202.38,2181.56,2160.74,2139.92,2119.11,2098.29,2077.47,2056.65,2035.83,2015.01,1994.19,1973.37,1952.55,1931.73,1910.91,1890.09,1869.27,1848.45,1827.63,1806.81,1785.99,1768.49,1751.94,1737.09,1723.75,1711.69,1700.58,1690.21,1680.51,1671.45,1663.36,1656.02,1649.34,1643.25,1637.68,1632.57,1627.84,1623.29,1618.94,1614.73,1610.65,1606.68,1603.22,1601.62,1600.42,1599.68,1599.50,1599.77,1600.37,1601.26,1603.07,1605.48,1608.00,1610.64,1613.46,1616.52,1619.82,1623.50,1627.50,1632.49,1638.10,1643.86,1649.80,1655.78,1661.93,1668.31,1674.74,1681.47,1688.31,1695.32,1702.72,1710.59,1718.81,1727.41,1736.17,1744.94,1753.70,1762.50,1771.31,1780.17,1789.05,1798.01,1806.97,1816.06,1825.26,1834.50,1843.76,1853.16,1866.11,1880.77,99999.00,99999.00,99999.00,99999.00,99999.00,99999.00,99999.00,99999.00,99999.00,99999.00,99999.00,99999.00,99999.00,99999.00,99999.00
99999.00,99999.00,99999.00,99999.00,99999.00,99999.00,99999.00,99999.00,99999.00,99999.00,99999.00,99999.00,99999.00,99999.00,99999.00,99999.00,99999.00,99999.00,99999.00,99999.00,99999.00,99999.00,99999.00,2283.41,2262.60,2242.60,2222.26,2201.74,2181.19,2160.65,2140.10,2119.56,2099.01,2078.47,2057.92,2037.38,2016.83,1996.29,1975.74,1955.20,1934.65,1914.11,1893.56,1873.02,1852.47,1831.93,1814.43,1797.51,1780.70,1765.38,1751.46,1738.76,1727.01,1716.02,1705.75,1695.97,1687.01,1679.00,1671.69,1665.02,1658.94,1653.37,1648.19,1643.27,1638.55,1634.04,1629.68,1625.46,1621.36,1617.78,1616.06,1614.75,1613.91,1613.64,1613.81,1614.32,1615.13,1616.94,1619.34,1621.87,1624.51,1627.32,1630.38,1633.69,1637.37,1641.37,1645.94,1651.37,1657.07,1662.89,1668.86,1674.94,1681.24,1687.66,1694.29,1701.05,1708.08,1715.20,1722.62,1730.50,1738.73,1747.34,1756.10,1764.86,1773.62,1782.43,1791.24,1800.09,1808.97,1817.93,1826.89,1835.99,1845.17,1854.39,1863.64,1873.02,1887.21,99999.00,99999.00,99999.00,99999.00,99999.00,99999.00,99999.00,99999.00,99999.00,99999.00,99999.00,99999.00,99999.00,99999.00,99999.00
99999.00,99999.00,99999.00,99999.00,99999.00,99999.00,99999.00,99999.00,99999.00,99999.00,99999.00,99999.00,99999.00,99999.00,99999.00,99999.00,99999.00,99999.00,99999.00,99999.00,99999.00,99999.00,99999.00,2287.66,2267.99,2247.98,2227.71,2207.20,2186.65,2166.11,2145.56,2125.02,2104.47,2083.93,2063.38,2042.84,2022.29,2001.75,1981.20,1960.66,1940.11,1919.57,1899.02,1878.48,1860.98,1843.87,1826.95,1810.12,1794.63,1780.38,1767.26,1755.03,1743.55,1732.77,1722.48,1712.70,1703.94,1695.98,1688.72,1682.09,1676.03,1670.31,1664.95,1659.85,1654.97,1650.30,1645.80,1641.44,1637.22,1633.51,1631.68,1630.27,1629.33,1628.95,1629.04,1629.46,1630.20,1632.01,1634.42,1636.94,1639.59,1642.40,1645.46,1648.76,1652.44,1656.45,1661.02,1666.20,1671.81,1677.57,1683.51,1689.49,1695.64,1702.06,1708.55,1715.33,1722.20,1729.25,1736.67,1744.11,1752.00,1760.23,1768.84,1777.60,1786.37,1795.13,1803.93,1812.74,1821.60,1830.48,1839.43,1848.39,1857.48,1866.65,1875.85,1885.07,1894.43,99999.00,99999.00,99999.00,99999.00,99999.00,99999.00,99999.00,99999.00,99999.00,99999.00,99999.00,99999.00,99999.00,99999.00,99999.00
99999.00,99999.00,99999.00,99999.00,99999.00,99999.00,99999.00,99999.00,99999.00,99999.00,99999.00,99999.00,99999.00,99999.00,99999.00,99999.00,99999.00,99999.00,99999.00,99999.00,99999.00,99999.00,99999.00,99999.00,99999.00,99999.00,99999.00,99999.00,99999.00,99999.00,99999.00,99999.00,99999.00,99999.00,99999.00,99999.00,99999.00,99999.00,99999.00,99999.00,99999.00,99999.00,99999.00,99999.00,99999.00,99999.00,99999.00,99999.00,99999.00,99999.00,99999.00,99999.00,99999.00,99999.00,99999.00,99999.00,99999.00,99999.00,99999.00,99999.00,99999.00,99999.00,99999.00,99999.00,99999.00,99999.00,99999.00,99999.00,99999.00,99999.00,99999.00,99999.00,99999.00,99999.00,99999.00,99999.00,99999.00,99999.00,99999.00,99999.00,99999.00,99999.00,99999.00,99999.00,99999.00,99999.00,99999.00,99999.00,99999.00,99999.00,99999.00,99999.00,99999.00,99999.00,99999.00,99999.00,99999.00,99999.00,99999.00,99999.00,99999.00,99999.00,99999.00,99999.00,99999.00,99999.00,99999.00,99999.00,99999.00,99999.00,99999.00,99999.00,99999.00,99999.00,99999.00,99999.00,99999.00,99999.00,99999.00,99999.00,99999.00,99999.00,99999.00,99999.00,99999.00,99999.00,99999.00,99999.00,99999.00,99999.00,99999.00,99999.00
99999.00,99999.00,99999.00,99999.00,99999.00,99999.00,99999.00,99999.00,99999.00,99999.00,99999.00,99999.00,99999.00,99999.00,99999.00,99999.00,99999.00,99999.00,99999.00,99999.00,99999.00,99999.00,99999.00,99999.00,99999.00,99999.00,99999.00,99999.00,99999.00,99999.00,99999.00,99999.00,99999.00,99999.00,99999.00,99999.00,99999.00,99999.00,99999.00,99999.00,99999.00,99999.00,99999.00,99999.00,99999.00,99999.00,99999.00,99999.00,99999.00,99999.00,99999.00,99999.00,99999.00,99999.00,99999.00,99999.00,99999.00,99999.00,99999.00,99999.00,99999.00,99999.00,99999.00,99999.00,99999.00,99999.00,99999.00,99999.00,99999.00,99999.00,99999.00,99999.00,99999.00,99999.00,99999.00,99999.00,99999.00,99999.00,99999.00,99999.00,99999.00,99999.00,99999.00,99999.00,99999.00,99999.00,99999.00,99999.00,99999.00,99999.00,99999.00,99999.00,99999.00,99999.00,99999.00,99999.00,99999.00,99999.00,99999.00,99999.00,99999.00,99999.00,99999.00,99999.00,99999.00,99999.00,99999.00,99999.00,99999.00,99999.00,99999.00,99999.00,99999.00,99999.00,99999.00,99999.00,99999.00,99999.00,99999.00,99999.00,99999.00,99999.00,99999.00,99999.00,99999.00,99999.00,99999.00,99999.00,99999.00,99999.00,99999.00,99999.00
99999.00,99999.00,99999.00,99999.00,99999.00,99999.00,99999.00,99999.00,99999.00,99999.00,99999.00,99999.00,99999.00,99999.00,99999.00,99999.00,99999.00,99999.00,99999.00,99999.00,99999.00,99999.00,99999.00,99999.00,99999.00,99999.00,99999.00,99999.00,99999.00,99999.00,99999.00,99999.00,99999.00,99999.00,99999.00,99999.00,99999.00,99999.00,99999.00,99999.00,99999.00,99999.00,99999.00,99999.00,99999.00,99999.00,99999.00,99999.00,99999.00,99999.00,99999.00,99999.00,99999.00,99999.00,99999.00,99999.00,99999.00,99999.00,99999.00,99999.00,99999.00,99999.00,99999.00,99999.00,99999.00,99999.00,99999.00,99999.00,99999.00,99999.00,99999.00,99999.00,99999.00,99999.00,99999.00,99999.00,99999.00,99999.00,99999.00,99999.00,99999.00,99999.00,99999.00,99999.00,99999.00,99999.00,99999.00,99999.00,99999.00,99999.00,99999.00,99999.00,99999.00,99999.00,99999.00,99999.00,99999.00,99999.00,99999.00,99999.00,99999.00,99999.00,99999.00,99999.00,99999.00,99999.00,99999.00,99999.00,99999.00,99999.00,99999.00,99999.00,99999.00,99999.00,99999.00,99999.00,99999.00,99999.00,99999.00,99999.00,99999.00,99999.00,99999.00,99999.00,99999.00,99999.00,99999.00,99999.00,99999.00,99999.00,99999.00,99999.00
99999.00,99999.00,99999.00,99999.00,99999.00,99999.00,99999.00,99999.00,99999.00,99999.00,99999.00,99999.00,99999.00,99999.00,99999.00,99999.00,99999.00,99999.00,99999.00,99999.00,99999.00,99999.00,99999.00,99999.00,99999.00,99999.00,99999.00,99999.00,99999.00,99999.00,99999.00,99999.00,99999.00,99999.00,99999.00,99999.00,99999.00,99999.00,99999.00,99999.00,99999.00,99999.00,99999.00,99999.00,99999.00,99999.00,99999.00,99999.00,99999.00,99999.00,99999.00,99999.00,99999.00,99999.00,99999.00,99999.00,99999.00,99999.00,99999.00,99999.00,99999.00,99999.00,99999.00,99999.00,99999.00,99999.00,99999.00,99999.00,99999.00,99999.00,99999.00,99999.00,99999.00,99999.00,99999.00,99999.00,99999.00,99999.00,99999.00,99999.00,99999.00,99999.00,99999.00,99999.00,99999.00,99999.00,99999.00,99999.00,99999.00,99999.00,99999.00,99999.00,99999.00,99999.00,99999.00,99999.00,99999.00,99999.00,99999.00,99999.00,99999.00,99999.00,99999.00,99999.00,99999.00,99999.00,99999.00,99999.00,99999.00,99999.00,99999.00,99999.00,99999.00,99999.00,99999.00,99999.00,99999.00,99999.00,99999.00,99999.00,99999.00,99999.00,99999.00,99999.00,99999.00,99999.00,99999.00,99999.00,99999.00,99999.00,99999.00,99999.00
99999.00,99999.00,99999.00,99999.00,99999.00,99999.00,99999.00,99999.00,99999.00,99999.00,99999.00,99999.00,99999.00,99999.00,99999.00,99999.00,99999.00,99999.00,99999.00,99999.00,99999.00,99999.00,99999.00,99999.00,99999.00,99999.00,99999.00,99999.00,99999.00,99999.00,99999.00,99999.00,99999.00,99999.00,99999.00,99999.00,99999.00,99999.00,99999.00,99999.00,99999.00,99999.00,99999.00,99999.00,99999.00,99999.00,99999.00,99999.00,99999.00,99999.00,99999.00,99999.00,99999.00,99999.00,99999.00,99999.00,99999.00,99999.00,99999.00,99999.00,99999.00,99999.00,99999.00,99999.00,99999.00,99999.00,99999.00,99999.00,99999.00,99999.00,99999.00,99999.00,99999.00,99999.00,99999.00,99999.00,99999.00,99999.00,99999.00,99999.00,99999.00,99999.00,99999.00,99999.00,99999.00,99999.00,99999.00,99999.00,99999.00,99999.00,99999.00,99999.00,99999.00,99999.00,99999.00,99999.00,99999.00,99999.00,99999.00,99999.00,99999.00,99999.00,99999.00,99999.00,99999.00,99999.00,99999.00,99999.00,99999.00,99999.00,99999.00,99999.00,99999.00,99999.00,99999.00,99999.00,99999.00,99999.00,99999.00,99999.00,99999.00,99999.00,99999.00,99999.00,99999.00,99999.00,99999.00,99999.00,99999.00,99999.00,99999.00,99999.00
99999.00,99999.00,99999.00,99999.00,99999.00,99999.00,99999.00,99999.00,99999.00,99999.00,99999.00,99999.00,99999.00,99999.00,99999.00,99999.00,99999.00,99999.00,99999.00,99999.00,99999.00,99999.00,99999.00,99999.00,99999.00,99999.00,99999.00,99999.00,99999.00,99999.00,99999.00,99999.00,99999.00,99999.00,99999.00,99999.00,99999.00,99999.00,99999.00,99999.00,99999.00,99999.00,99999.00,99999.00,99999.00,99999.00,99999.00,99999.00,99999.00,99999.00,99999.00,99999.00,99999.00,99999.00,99999.00,99999.00,99999.00,99999.00,99999.00,99999.00,99999.00,99999.00,99999.00,99999.00,99999.00,99999.00,99999.00,99999.00,99999.00,99999.00,99999.00,99999.00,99999.00,99999.00,99999.00,99999.00,99999.00,99999.00,99999.00,99999.00,99999.00,99999.00,99999.00,99999.00,99999.00,99999.00,99999.00,99999.00,99999.00,99999.00,99999.00,99999.00,99999.00,99999.00,99999.00,99999.00,99999.00,99999.00,99999.00,99999.00,99999.00,99999.00,99999.00,99999.00,99999.00,99999.00,99999.00,99999.00,99999.00,99999.00,99999.00,99999.00,99999.00,99999.00,99999.00,99999.00,99999.00,99999.00,99999.00,99999.00,99999.00,99999.00,99999.00,99999.00,99999.00,99999.00,99999.00,99999.00,99999.00,99999.00,99999.00,99999.00
99999.00,99999.00,99999.00,99999.00,99999.00,99999.00,99999.00,99999.00,99999.00,99999.00,99999.00,99999.00,99999.00,99999.00,99999.00,99999.00,99999.00,99999.00,99999.00,99999.00,99999.00,99999.00,99999.00,99999.00,99999.00,99999.00,99999.00,99999.00,99999.00,99999.00,99999.00,99999.00,99999.00,99999.00,99999.00,99999.00,99999.00,99999.00,99999.00,99999.00,99999.00,99999.00,99999.00,99999.00,99999.00,99999.00,99999.00,99999.00,99999.00,99999.00,99999.00,99999.00,99999.00,99999.00,99999.00,99999.00,99999.00,99999.00,99999.00,99999.00,99999.00,99999.00,99999.00,99999.00,99999.00,99999.00,99999.00,99999.00,99999.00,99999.00,99999.00,99999.00,99999.00,99999.00,99999.00,99999.00,99999.00,99999.00,99999.00,99999.00,99999.00,99999.00,99999.00,99999.00,99999.00,99999.00,99999.00,99999.00,99999.00,99999.00,99999.00,99999.00,99999.00,99999.00,99999.00,99999.00,99999.00,99999.00,99999.00,99999.00,99999.00,99999.00,99999.00,99999.00,99999.00,99999.00,99999.00,99999.00,99999.00,99999.00,99999.00,99999.00,99999.00,99999.00,99999.00,99999.00,99999.00,99999.00,99999.00,99999.00,99999.00,99999.00,99999.00,99999.00,99999.00,99999.00,99999.00,99999.00,99999.00,99999.00,99999.00,99999.00
99999.00,99999.00,99999.00,99999.00,99999.00,99999.00,99999.00,99999.00,99999.00,99999.00,99999.00,99999.00,99999.00,99999.00,99999.00,99999.00,99999.00,99999.00,99999.00,99999.00,99999.00,99999.00,99999.00,99999.00,99999.00,99999.00,99999.00,99999.00,99999.00,99999.00,99999.00,99999.00,99999.00,99999.00,99999.00,99999.00,99999.00,99999.00,99999.00,99999.00,99999.00,99999.00,99999.00,99999.00,99999.00,99999.00,99999.00,99999.00,99999.00,99999.00,99999.00,99999.00,99999.00,99999.00,99999.00,99999.00,99999.00,99999.00,99999.00,99999.00,99999.00,99999.00,99999.00,99999.00,99999.00,99999.00,99999.00,99999.00,99999.00,99999.00,99999.00,99999.00,99999.00,99999.00,99999.00,99999.00,99999.00,99999.00,99999.00,99999.00,99999.00,99999.00,99999.00,99999.00,99999.00,99999.00,99999.00,99999.00,99999.00,99999.00,99999.00,99999.00,99999.00,99999.00,99999.00,99999.00,99999.00,99999.00,99999.00,99999.00,99999.00,99999.00,99999.00,99999.00,99999.00,99999.00,99999.00,99999.00,99999.00,99999.00,99999.00,99999.00,99999.00,99999.00,99999.00,99999.00,99999.00,99999.00,99999.00,99999.00,99999.00,99999.00,99999.00,99999.00,99999.00,99999.00,99999.00,99999.00,99999.00,99999.00,99999.00,99999.00
99999.00,99999.00,99999.00,99999.00,99999.00,99999.00,99999.00,99999.00,99999.00,99999.00,99999.00,99999.00,99999.00,99999.00,99999.00,99999.00,99999.00,99999.00,99999.00,99999.00,99999.00,99999.00,99999.00,99999.00,99999.00,99999.00,99999.00,99999.00,99999.00,99999.00,99999.00,99999.00,99999.00,99999.00,99999.00,99999.00,99999.00,99999.00,99999.00,99999.00,99999.00,99999.00,99999.00,99999.00,99999.00,99999.00,99999.00,99999.00,99999.00,99999.00,99999.00,99999.00,99999.00,99999.00,99999.00,99999.00,99999.00,99999.00,99999.00,99999.00,99999.00,99999.00,99999.00,99999.00,99999.00,99999.00,99999.00,99999.00,99999.00,99999.00,99999.00,99999.00,99999.00,99999.00,99999.00,99999.00,99999.00,99999.00,99999.00,99999.00,99999.00,99999.00,99999.00,99999.00,99999.00,99999.00,99999.00,99999.00,99999.00,99999.00,99999.00,99999.00,99999.00,99999.00,99999.00,99999.00,99999.00,99999.00,99999.00,99999.00,99999.00,99999.00,99999.00,99999.00,99999.00,99999.00,99999.00,99999.00,99999.00,99999.00,99999.00,99999.00,99999.00,99999.00,99999.00,99999.00,99999.00,99999.00,99999.00,99999.00,99999.00,99999.00,99999.00,99999.00,99999.00,99999.00,99999.00,99999.00,99999.00,99999.00,99999.00,99999.00
99999.00,99999.00,99999.00,99999.00,99999.00,99999.00,99999.00,99999.00,99999.00,99999.00,99999.00,99999.00,99999.00,99999.00,99999.00,99999.00,99999.00,99999.00,99999.00,99999.00,99999.00,99999.00,99999.00,99999.00,99999.00,99999.00,99999.00,99999.00,99999.00,99999.00,99999.00,99999.00,99999.00,99999.00,99999.00,99999.00,99999.00,99999.00,99999.00,99999.00,99999.00,99999.00,99999.00,99999.00,99999.00,99999.00,99999.00,99999.00,99999.00,99999.00,99999.00,99999.00,99999.00,99999.00,99999.00,99999.00,99999.00,99999.00,99999.00,99999.00,99999.00,99999.00,99999.00,99999.00,99999.00,99999.00,99999.00,99999.00,99999.00,99999.00,99999.00,99999.00,99999.00,99999.00,99999.00,99999.00,99999.00,99999.00,99999.00,99999.00,99999.00,99999.00,99999.00,99999.00,99999.00,99999.00,99999.00,99999.00,99999.00,99999.00,99999.00,99999.00,99999.00,99999.00,99999.00,99999.00,99999.00,99999.00,99999.00,99999.00,99999.00,99999.00,99999.00,99999.00,99999.00,99999.00,99999.00,99999.00,99999.00,99999.00,99999.00,99999.00,99999.00,99999.00,99999.00,99999.00,99999.00,99999.00,99999.00,99999.00,99999.00,99999.00,99999.00,99999.00,99999.00,99999.00,99999.00,99999.00,99999.00,99999.00,99999.00,99999.00
99999.00,99999.00,99999.00,99999.00,99999.00,99999.00,99999.00,99999.00,99999.00,99999.00,99999.00,99999.00,99999.00,99999.00,99999.00,99999.00,99999.00,99999.00,99999.00,99999.00,99999.00,99999.00,99999.00,99999.00,99999.00,99999.00,99999.00,99999.00,99999.00,99999.00,99999.00,99999.00,99999.00,99999.00,99999.00,99999.00,99999.00,99999.00,99999.00,99999.00,99999.00,99999.00,99999.00,99999.00,99999.00,99999.00,99999.00,99999.00,99999.00,99999.00,99999.00,99999.00,99999.00,99999.00,99999.00,99999.00,99999.00,99999.00,99999.00,99999.00,99999.00,99999.00,99999.00,99999.00,99999.00,99999.00,99999.00,99999.00,99999.00,99999.00,99999.00,99999.00,99999.00,99999.00,99999.00,99999.00,99999.00,99999.00,99999.00,99999.00,99999.00,99999.00,99999.00,99999.00,99999.00,99999.00,99999.00,99999.00,99999.00,99999.00,99999.00,99999.00,99999.00,99999.00,99999.00,99999.00,99999.00,99999.00,99999.00,99999.00,99999.00,99999.00,99999.00,99999.00,99999.00,99999.00,99999.00,99999.00,99999.00,99999.00,99999.00,99999.00,99999.00,99999.00,99999.00,99999.00,99999.00,99999.00,99999.00,99999.00,99999.00,99999.00,99999.00,99999.00,99999.00,99999.00,99999.00,99999.00,99999.00,99999.00,99999.00,99999.00
99999.00,99999.00,99999.00,99999.00,99999.00,99999.00,99999.00,99999.00,99999.00,99999.00,99999.00,99999.00,99999.00,99999.00,99999.00,99999.00,99999.00,99999.00,99999.00,99999.00,99999.00,99999.00,99999.00,99999.00,99999.00,99999.00,99999.00,99999.00,99999.00,99999.00,99999.00,99999.00,99999.00,99999.00,99999.00,99999.00,99999.00,99999.00,99999.00,99999.00,99999.00,99999.00,99999.00,99999.00,99999.00,99999.00,99999.00,99999.00,99999.00,99999.00,99999.00,99999.00,99999.00,99999.00,99999.00,99999.00,99999.00,99999.00,99999.00,99999.00,99999.00,99999.00,99999.00,99999.00,99999.00,99999.00,99999.00,99999.00,99999.00,99999.00,99999.00,99999.00,99999.00,99999.00,99999.00,99999.00,99999.00,99999.00,99999.00,99999.00,99999.00,99999.00,99999.00,99999.00,99999.00,99999.00,99999.00,99999.00,99999.00,99999.00,99999.00,99999.00,99999.00,99999.00,99999.00,99999.00,99999.00,99999.00,99999.00,99999.00,99999.00,99999.00,99999.00,99999.00,99999.00,99999.00,99999.00,99999.00,99999.00,99999.00,99999.00,99999.00,99999.00,99999.00,99999.00,99999.00,99999.00,99999.00,99999.00,99999.00,99999.00,99999.00,99999.00,99999.00,99999.00,99999.00,99999.00,99999.00,99999.00,99999.00,99999.00,99999.00
99999.00,99999.00,99999.00,99999.00,99999.00,99999.00,99999.00,99999.00,99999.00,99999.00,99999.00,99999.00,99999.00,99999.00,99999.00,99999.00,99999.00,99999.00,99999.00,99999.00,99999.00,99999.00,99999.00,99999.00,99999.00,99999.00,99999.00,99999.00,99999.00,99999.00,99999.00,99999.00,99999.00,99999.00,99999.00,99999.00,99999.00,99999.00,99999.00,99999.00,99999.00,99999.00,99999.00,99999.00,99999.00,99999.00,99999.00,99999.00,99999.00,99999.00,99999.00,99999.00,99999.00,99999.00,99999.00,99999.00,99999.00,99999.00,99999.00,99999.00,99999.00,99999.00,99999.00,99999.00,99999.00,99999.00,99999.00,99999.00,99999.00,99999.00,99999.00,99999.00,99999.00,99999.00,99999.00,99999.00,99999.00,99999.00,99999.00,99999.00,99999.00,99999.00,99999.00,99999.00,99999.00,99999.00,99999.00,99999.00,99999.00,99999.00,99999.00,99999.00,99999.00,99999.00,99999.00,99999.00,99999.00,99999.00,99999.00,99999.00,99999.00,99999.00,99999.00,99999.00,99999.00,99999.00,99999.00,99999.00,99999.00,99999.00,99999.00,99999.00,99999.00,99999.00,99999.00,99999.00,99999.00,99999.00,99999.00,99999.00,99999.00,99999.00,99999.00,99999.00,99999.00,99999.00,99999.00,99999.00,99999.00,99999.00,99999.00,99999.00
99999.00,99999.00,99999.00,99999.00,99999.00,99999.00,99999.00,99999.00,99999.00,99999.00,99999.00,99999.00,99999.00,99999.00,99999.00,99999.00,99999.00,99999.00,99999.00,99999.00,99999.00,99999.00,99999.00,99999.00,99999.00,99999.00,99999.00,99999.00,99999.00,99999.00,99999.00,99999.00,99999.00,99999.00,99999.00,99999.00,99999.00,99999.00,99999.00,99999.00,99999.00,99999.00,99999.00,99999.00,99999.00,99999.00,99999.00,99999.00,99999.00,99999.00,99999.00,99999.00,99999.00,99999.00,99999.00,99999.00,99999.00,99999.00,99999.00,99999.00,99999.00,99999.00,99999.00,99999.00,99999.00,99999.00,99999.00,99999.00,99999.00,99999.00,99999.00,99999.00,99999.00,99999.00,99999.00,99999.00,99999.00,99999.00,99999.00,99999.00,99999.00,99999.00,99999.00,99999.00,99999.00,99999.00,99999.00,99999.00,99999.00,99999.00,99999.00,99999.00,99999.00,99999.00,99999.00,99999.00,99999.00,99999.00,99999.00,99999.00,99999.00,99999.00,99999.00,99999.00,99999.00,99999.00,99999.00,99999.00,99999.00,99999.00,99999.00,99999.00,99999.00,99999.00,99999.00,99999.00,99999.00,99999.00,99999.00,99999.00,99999.00,99999.00,99999.00,99999.00,99999.00,99999.00,99999.00,99999.00,99999.00,99999.00,99999.00,99999.00
99999.00,99999.00,99999.00,99999.00,99999.00,99999.00,99999.00,99999.00,99999.00,99999.00,99999.00,99999.00,99999.00,99999.00,99999.00,99999.00,99999.00,99999.00,99999.00,99999.00,99999.00,99999.00,99999.00,99999.00,99999.00,99999.00,99999.00,99999.00,99999.00,99999.00,99999.00,99999.00,99999.00,99999.00,99999.00,99999.00,99999.00,99999.00,99999.00,99999.00,99999.00,99999.00,99999.00,99999.00,99999.00,99999.00,99999.00,99999.00,99999.00,99999.00,99999.00,99999.00,99999.00,99999.00,99999.00,99999.00,99999.00,99999.00,99999.00,99999.00,99999.00,99999.00,99999.00,99999.00,99999.00,99999.00,99999.00,99999.00,99999.00,99999.00,99999.00,99999.00,99999.00,99999.00,99999.00,99999.00,99999.00,99999.00,99999.00,99999.00,99999.00,99999.00,99999.00,99999.00,99999.00,99999.00,99999.00,99999.00,99999.00,99999.00,99999.00,99999.00,99999.00,99999.00,99999.00,99999.00,99999.00,99999.00,99999.00,99999.00,99999.00,99999.00,99999.00,99999.00,99999.00,99999.00,99999.00,99999.00,99999.00,99999.00,99999.00,99999.00,99999.00,99999.00,99999.00,99999.00,99999.00,99999.00,99999.00,99999.00,99999.00,99999.00,99999.00,99999.00,99999.00,99999.00,99999.00,99999.00,99999.00,99999.00,99999.00,99999.00
99999.00,99999.00,99999.00,99999.00,99999.00,99999.00,99999.00,99999.00,99999.00,99999.00,99999.00,99999.00,99999.00,99999.00,99999.00,99999.00,99999.00,99999.00,99999.00,99999.00,99999.00,99999.00,99999.00,99999.00,99999.00,99999.00,99999.00,99999.00,99999.00,99999.00,99999.00,99999.00,99999.00,99999.00,99999.00,99999.00,99999.00,99999.00,99999.00,99999.00,99999.00,99999.00,99999.00,99999.00,99999.00,99999.00,99999.00,99999.00,99999.00,99999.00,99999.00,99999.00,99999.00,99999.00,99999.00,99999.00,99999.00,99999.00,99999.00,99999.00,99999.00,99999.00,99999.00,99999.00,99999.00,99999.00,99999.00,99999.00,99999.00,99999.00,99999.00,99999.00,99999.00,99999.00,99999.00,99999.00,99999.00,99999.00,99999.00,99999.00,99999.00,99999.00,99999.00,99999.00,99999.00,99999.00,99999.00,99999.00,99999.00,99999.00,99999.00,99999.00,99999.00,99999.00,99999.00,99999.00,99999.00,99999.00,99999.00,99999.00,99999.00,99999.00,99999.00,99999.00,99999.00,99999.00,99999.00,99999.00,99999.00,99999.00,99999.00,99999.00,99999.00,99999.00,99999.00,99999.00,99999.00,99999.00,99999.00,99999.00,99999.00,99999.00,99999.00,99999.00,99999.00,99999.00,99999.00,99999.00,99999.00,99999.00,99999.00,99999.00
99999.00,99999.00,99999.00,99999.00,99999.00,99999.00,99999.00,99999.00,99999.00,99999.00,99999.00,99999.00,99999.00,99999.00,99999.00,99999.00,99999.00,99999.00,99999.00,99999.00,99999.00,99999.00,99999.00,99999.00,99999.00,99999.00,99999.00,99999.00,99999.00,99999.00,99999.00,99999.00,99999.00,99999.00,99999.00,99999.00,99999.00,99999.00,99999.00,99999.00,99999.00,99999.00,99999.00,99999.00,99999.00,99999.00,99999.00,99999.00,99999.00,99999.00,99999.00,99999.00,99999.00,99999.00,99999.00,99999.00,99999.00,99999.00,99999.00,99999.00,99999.00,99999.00,99999.00,99999.00,99999.00,99999.00,99999.00,99999.00,99999.00,99999.00,99999.00,99999.00,99999.00,99999.00,99999.00,99999.00,99999.00,99999.00,99999.00,99999.00,99999.00,99999.00,99999.00,99999.00,99999.00,99999.00,99999.00,99999.00,99999.00,99999.00,99999.00,99999.00,99999.00,99999.00,99999.00,99999.00,99999.00,99999.00,99999.00,99999.00,99999.00,99999.00,99999.00,99999.00,99999.00,99999.00,99999.00,99999.00,99999.00,99999.00,99999.00,99999.00,99999.00,99999.00,99999.00,99999.00,99999.00,99999.00,99999.00,99999.00,99999.00,99999.00,99999.00,99999.00,99999.00,99999.00,99999.00,99999.00,99999.00,99999.00,99999.00,99999.00
99999.00,99999.00,99999.00,99999.00,99999.00,99999.00,99999.00,99999.00,99999.00,99999.00,99999.00,99999.00,99999.00,99999.00,99999.00,99999.00,99999.00,99999.00,99999.00,99999.00,99999.00,99999.00,99999.00,99999.00,99999.00,99999.00,99999.00,99999.00,99999.00,99999.00,99999.00,99999.00,99999.00,99999.00,99999.00,99999.00,99999.00,99999.00,99999.00,99999.00,99999.00,99999.00,99999.00,99999.00,99999.00,99999.00,99999.00,99999.00,99999.00,99999.00,99999.00,99999.00,99999.00,99999.00,99999.00,99999.00,99999.00,99999.00,99999.00,99999.00,99999.00,99999.00,99999.00,99999.00,99999.00,99999.00,99999.00,99999.00,99999.00,99999.00,99999.00,99999.00,99999.00,99999.00,99999.00,99999.00,99999.00,99999.00,99999.00,99999.00,99999.00,99999.00,99999.00,99999.00,99999.00,99999.00,99999.00,99999.00,99999.00,99999.00,99999.00,99999.00,99999.00,99999.00,99999.00,99999.00,99999.00,99999.00,99999.00,99999.00,99999.00,99999.00,99999.00,99999.00,99999.00,99999.00,99999.00,99999.00,99999.00,99999.00,99999.00,99999.00,99999.00,99999.00,99999.00,99999.00,99999.00,99999.00,99999.00,99999.00,99999.00,99999.00,99999.00,99999.00,99999.00,99999.00,99999.00,99999.00,99999.00,99999.00,99999.00,99999.00
99999.00,99999.00,99999.00,99999.00,99999.00,99999.00,99999.00,99999.00,99999.00,99999.00,99999.00,99999.00,99999.00,99999.00,99999.00,99999.00,99999.00,99999.00,99999.00,99999.00,99999.00,99999.00,99999.00,99999.00,99999.00,99999.00,99999.00,99999.00,99999.00,99999.00,99999.00,99999.00,99999.00,99999.00,99999.00,99999.00,99999.00,99999.00,99999.00,99999.00,99999.00,99999.00,99999.00,99999.00,99999.00,99999.00,99999.00,99999.00,99999.00,99999.00,99999.00,99999.00,99999.00,99999.00,99999.00,99999.00,99999.00,99999.00,99999.00,99999.00,99999.00,99999.00,99999.00,99999.00,99999.00,99999.00,99999.00,99999.00,99999.00,99999.00,99999.00,99999.00,99999.00,99999.00,99999.00,99999.00,99999.00,99999.00,99999.00,99999.00,99999.00,99999.00,99999.00,99999.00,99999.00,99999.00,99999.00,99999.00,99999.00,99999.00,99999.00,99999.00,99999.00,99999.00,99999.00,99999.00,99999.00,99999.00,99999.00,99999.00,99999.00,99999.00,99999.00,99999.00,99999.00,99999.00,99999.00,99999.00,99999.00,99999.00,99999.00,99999.00,99999.00,99999.00,99999.00,99999.00,99999.00,99999.00,99999.00,99999.00,99999.00,99999.00,99999.00,99999.00,99999.00,99999.00,99999.00,99999.00,99999.00,99999.00,99999.00,99999.00
99999.00,99999.00,99999.00,99999.00,99999.00,99999.00,99999.00,99999.00,99999.00,99999.00,99999.00,99999.00,99999.00,99999.00,99999.00,99999.00,99999.00,99999.00,99999.00,99999.00,99999.00,99999.00,99999.00,99999.00,99999.00,99999.00,99999.00,99999.00,99999.00,99999.00,99999.00,99999.00,99999.00,99999.00,99999.00,99999.00,99999.00,99999.00,99999.00,99999.00,99999.00,99999.00,99999.00,99999.00,99999.00,99999.00,99999.00,99999.00,99999.00,99999.00,99999.00,99999.00,99999.00,99999.00,99999.00,99999.00,99999.00,99999.00,99999.00,99999.00,99999.00,99999.00,99999.00,99999.00,99999.00,99999.00,99999.00,99999.00,99999.00,99999.00,99999.00,99999.00,99999.00,99999.00,99999.00,99999.00,99999.00,99999.00,99999.00,99999.00,99999.00,99999.00,99999.00,99999.00,99999.00,99999.00,99999.00,99999.00,99999.00,99999.00,99999.00,99999.00,99999.00,99999.00,99999.00,99999.00,99999.00,99999.00,99999.00,99999.00,99999.00,99999.00,99999.00,99999.00,99999.00,99999.00,99999.00,99999.00,99999.00,99999.00,99999.00,99999.00,99999.00,99999.00,99999.00,99999.00,99999.00,99999.00,99999.00,99999.00,99999.00,99999.00,99999.00,99999.00,99999.00,99999.00,99999.00,99999.00,99999.00,99999.00,99999.00,99999.00
99999.00,99999.00,99999.00,99999.00,99999.00,99999.00,99999.00,99999.00,99999.00,99999.00,99999.00,99999.00,99999.00,99999.00,99999.00,99999.00,99999.00,99999.00,99999.00,99999.00,99999.00,99999.00,99999.00,99999.00,99999.00,99999.00,99999.00,99999.00,99999.00,99999.00,99999.00,99999.00,99999.00,99999.00,99999.00,99999.00,99999.00,99999.00,99999.00,99999.00,99999.00,99999.00,99999.00,99999.00,99999.00,99999.00,99999.00,99999.00,99999.00,99999.00,99999.00,99999.00,99999.00,99999.00,99999.00,99999.00,99999.00,99999.00,99999.00,99999.00,99999.00,99999.00,99999.00,99999.00,99999.00,99999.00,99999.00,99999.00,99999.00,99999.00,99999.00,99999.00,99999.00,99999.00,99999.00,99999.00,99999.00,99999.00,99999.00,99999.00,99999.00,99999.00,99999.00,99999.00,99999.00,99999.00,99999.00,99999.00,99999.00,99999.00,99999.00,99999.00,99999.00,99999.00,99999.00,99999.00,99999.00,99999.00,99999.00,99999.00,99999.00,99999.00,99999.00,99999.00,99999.00,99999.00,99999.00,99999.00,99999.00,99999.00,99999.00,99999.00,99999.00,99999.00,99999.00,99999.00,99999.00,99999.00,99999.00,99999.00,99999.00,99999.00,99999.00,99999.00,99999.00,99999.00,99999.00,99999.00,99999.00,99999.00,99999.00,99999.00
99999.00,99999.00,99999.00,99999.00,99999.00,99999.00,99999.00,99999.00,99999.00,99999.00,99999.00,99999.00,99999.00,99999.00,99999.00,99999.00,99999.00,99999.00,99999.00,99999.00,99999.00,99999.00,99999.00,99999.00,99999.00,99999.00,99999.00,99999.00,99999.00,99999.00,99999.00,99999.00,99999.00,99999.00,99999.00,99999.00,99999.00,99999.00,99999.00,99999.00,99999.00,99999.00,99999.00,99999.00,99999.00,99999.00,99999.00,99999.00,99999.00,99999.00,99999.00,99999.00,99999.00,99999.00,99999.00,99999.00,99999.00,99999.00,99999.00,99999.00,99999.00,99999.00,99999.00,99999.00,99999.00,99999.00,99999.00,99999.00,99999.00,99999.00,99999.00,99999.00,99999.00,99999.00,99999.00,99999.00,99999.00,99999.00,99999.00,99999.00,99999.00,99999.00,99999.00,99999.00,99999.00,99999.00,99999.00,99999.00,99999.00,99999.00,99999.00,99999.00,99999.00,99999.00,99999.00,99999.00,99999.00,99999.00,99999.00,99999.00,99999.00,99999.00,99999.00,99999.00,99999.00,99999.00,99999.00,99999.00,99999.00,99999.00,99999.00,99999.00,99999.00,99999.00,99999.00,99999.00,99999.00,99999.00,99999.00,99999.00,99999.00,99999.00,99999.00,99999.00,99999.00,99999.00,99999.00,99999.00,99999.00,99999.00,99999.00,99999.00
99999.00,99999.00,99999.00,99999.00,99999.00,99999.00,99999.00,99999.00,99999.00,99999.00,99999.00,99999.00,99999.00,99999.00,99999.00,99999.00,99999.00,99999.00,99999.00,99999.00,99999.00,99999.00,99999.00,99999.00,99999.00,99999.00,99999.00,99999.00,99999.00,99999.00,99999.00,99999.00,99999.00,99999.00,99999.00,99999.00,99999.00,99999.00,99999.00,99999.00,99999.00,99999.00,99999.00,99999.00,99999.00,99999.00,99999.00,99999.00,99999.00,99999.00,99999.00,99999.00,99999.00,99999.00,99999.00,99999.00,99999.00,99999.00,99999.00,99999.00,99999.00,99999.00,99999.00,99999.00,99999.00,99999.00,99999.00,99999.00,99999.00,99999.00,99999.00,99999.00,99999.00,99999.00,99999.00,99999.00,99999.00,99999.00,99999.00,99999.00,99999.00,99999.00,99999.00,99999.00,99999.00,99999.00,99999.00,99999.00,99999.00,99999.00,99999.00,99999.00,99999.00,99999.00,99999.00,99999.00,99999.00,99999.00,99999.00,99999.00,99999.00,99999.00,99999.00,99999.00,99999.00,99999.00,99999.00,99999.00,99999.00,99999.00,99999.00,99999.00,99999.00,99999.00,99999.00,99999.00,99999.00,99999.00,99999.00,99999.00,99999.00,99999.00,99999.00,99999.00,99999.00,99999.00,99999.00,99999.00,99999.00,99999.00,99999.00,99999.00
99999.00,99999.00,99999.00,99999.00,99999.00,99999.00,99999.00,99999.00,99999.00,99999.00,99999.00,99999.00,99999.00,99999.00,99999.00,99999.00,99999.00,99999.00,99999.00,99999.00,99999.00,99999.00,99999.00,99999.00,99999.00,99999.00,99999.00,99999.00,99999.00,99999.00,99999.00,99999.00,99999.00,99999.00,99999.00,99999.00,99999.00,99999.00,99999.00,99999.00,99999.00,99999.00,99999.00,99999.00,99999.00,99999.00,99999.00,99999.00,99999.00,99999.00,99999.00,99999.00,99999.00,99999.00,99999.00,99999.00,99999.00,99999.00,99999.00,99999.00,99999.00,99999.00,99999.00,99999.00,99999.00,99999.00,99999.00,99999.00,99999.00,99999.00,99999.00,99999.00,99999.00,99999.00,99999.00,99999.00,99999.00,99999.00,99999.00,99999.00,99999.00,99999.00,99999.00,99999.00,99999.00,99999.00,99999.00,99999.00,99999.00,99999.00,99999.00,99999.00,99999.00,99999.00,99999.00,99999.00,99999.00,99999.00,99999.00,99999.00,99999.00,99999.00,99999.00,99999.00,99999.00,99999.00,99999.00,99999.00,99999.00,99999.00,99999.00,99999.00,99999.00,99999.00,99999.00,99999.00,99999.00,99999.00,99999.00,99999.00,99999.00,99999.00,99999.00,99999.00,99999.00,99999.00,99999.00,99999.00,99999.00,99999.00,99999.00,99999.00
99999.00,99999.00,99999.00,99999.00,99999.00,99999.00,99999.00,99999.00,99999.00,99999.00,99999.00,99999.00,99999.00,99999.00,99999.00,99999.00,99999.00,99999.00,99999.00,99999.00,99999.00,99999.00,99999.00,99999.00,99999.00,99999.00,99999.00,99999.00,99999.00,99999.00,99999.00,99999.00,99999.00,99999.00,99999.00,99999.00,99999.00,99999.00,99999.00,99999.00,99999.00,99999.00,99999.00,99999.00,99999.00,99999.00,99999.00,99999.00,99999.00,99999.00,99999.00,99999.00,99999.00,99999.00,99999.00,99999.00,99999.00,99999.00,99999.00,99999.00,99999.00,99999.00,99999.00,99999.00,99999.00,99999.00,99999.00,99999.00,99999.00,99999.00,99999.00,99999.00,99999.00,99999.00,99999.00,99999.00,99999.00,99999.00,99999.00,99999.00,99999.00,99999.00,99999.00,99999.00,99999.00,99999.00,99999.00,99999.00,99999.00,99999.00,99999.00,99999.00,99999.00,99999.00,99999.00,99999.00,99999.00,99999.00,99999.00,99999.00,99999.00,99999.00,99999.00,99999.00,99999.00,99999.00,99999.00,99999.00,99999.00,99999.00,99999.00,99999.00,99999.00,99999.00,99999.00,99999.00,99999.00,99999.00,99999.00,99999.00,99999.00,99999.00,99999.00,99999.00,99999.00,99999.00,99999.00,99999.00,99999.00,99999.00,99999.00,99999.00
99999.00,99999.00,99999.00,99999.00,99999.00,99999.00,99999.00,99999.00,99999.00,99999.00,99999.00,99999.00,99999.00,99999.00,99999.00,99999.00,99999.00,99999.00,99999.00,99999.00,99999.00,99999.00,99999.00,99999.00,99999.00,99999.00,99999.00,99999.00,99999.00,99999.00,99999.00,99999.00,99999.00,99999.00,99999.00,99999.00,99999.00,99999.00,99999.00,99999.00,99999.00,99999.00,99999.00,99999.00,99999.00,99999.00,99999.00,99999.00,99999.00,99999.00,99999.00,99999.00,99999.00,99999.00,99999.00,99999.00,99999.00,99999.00,99999.00,99999.00,99999.00,99999.00,99999.00,99999.00,99999.00,99999.00,99999.00,99999.00,99999.00,99999.00,99999.00,99999.00,99999.00,99999.00,99999.00,99999.00,99999.00,99999.00,99999.00,99999.00,99999.00,99999.00,99999.00,99999.00,99999.00,99999.00,99999.00,99999.00,99999.00,99999.00,99999.00,99999.00,99999.00,99999.00,99999.00,99999.00,99999.00,99999.00,99999.00,99999.00,99999.00,99999.00,99999.00,99999.00,99999.00,99999.00,99999.00,99999.00,99999.00,99999.00,99999.00,99999.00,99999.00,99999.00,99999.00,99999.00,99999.00,99999.00,99999.00,99999.00,99999.00,99999.00,99999.00,99999.00,99999.00,99999.00,99999.00,99999.00,99999.00,99999.00,99999.00,99999.00
99999.00,99999.00,99999.00,99999.00,99999.00,99999.00,99999.00,99999.00,99999.00,99999.00,99999.00,99999.00,99999.00,99999.00,99999.00,99999.00,99999.00,99999.00,99999.00,99999.00,99999.00,99999.00,99999.00,99999.00,99999.00,99999.00,99999.00,99999.00,99999.00,99999.00,99999.00,99999.00,99999.00,99999.00,99999.00,99999.00,99999.00,99999.00,99999.00,99999.00,99999.00,99999.00,99999.00,99999.00,99999.00,99999.00,99999.00,99999.00,99999.00,99999.00,99999.00,99999.00,99999.00,99999.00,99999.00,99999.00,99999.00,99999.00,99999.00,99999.00,99999.00,99999.00,99999.00,99999.00,99999.00,99999.00,99999.00,99999.00,99999.00,99999.00,99999.00,99999.00,99999.00,99999.00,99999.00,99999.00,99999.00,99999.00,99999.00,99999.00,99999.00,99999.00,99999.00,99999.00,99999.00,99999.00,99999.00,99999.00,99999.00,99999.00,99999.00,99999.00,99999.00,99999.00,99999.00,99999.00,99999.00,99999.00,99999.00,99999.00,99999.00,99999.00,99999.00,99999.00,99999.00,99999.00,99999.00,99999.00,99999.00,99999.00,99999.00,99999.00,99999.00,99999.00,99999.00,99999.00,99999.00,99999.00,99999.00,99999.00,99999.00,99999.00,99999.00,99999.00,99999.00,99999.00,99999.00,99999.00,99999.00,99999.00,99999.00,99999.00
99999.00,99999.00,99999.00,99999.00,99999.00,99999.00,99999.00,99999.00,99999.00,99999.00,99999.00,99999.00,99999.00,99999.00,99999.00,99999.00,99999.00,99999.00,99999.00,99999.00,99999.00,99999.00,99999.00,99999.00,99999.00,99999.00,99999.00,99999.00,99999.00,99999.00,99999.00,99999.00,99999.00,99999.00,99999.00,99999.00,99999.00,99999.00,99999.00,99999.00,99999.00,99999.00,99999.00,99999.00,99999.00,99999.00,99999.00,99999.00,99999.00,99999.00,99999.00,99999.00,99999.00,99999.00,99999.00,99999.00,99999.00,99999.00,99999.00,99999.00,99999.00,99999.00,99999.00,99999.00,99999.00,99999.00,99999.00,99999.00,99999.00,99999.00,99999.00,99999.00,99999.00,99999.00,99999.00,99999.00,99999.00,99999.00,99999.00,99999.00,99999.00,99999.00,99999.00,99999.00,99999.00,99999.00,99999.00,99999.00,99999.00,99999.00,99999.00,99999.00,99999.00,99999.00,99999.00,99999.00,99999.00,99999.00,99999.00,99999.00,99999.00,99999.00,99999.00,99999.00,99999.00,99999.00,99999.00,99999.00,99999.00,99999.00,99999.00,99999.00,99999.00,99999.00,99999.00,99999.00,99999.00,99999.00,99999.00,99999.00,99999.00,99999.00,99999.00,99999.00,99999.00,99999.00,99999.00,99999.00,99999.00,99999.00,99999.00,99999.00
99999.00,99999.00,99999.00,99999.00,99999.00,99999.00,99999.00,99999.00,99999.00,99999.00,99999.00,99999.00,99999.00,99999.00,99999.00,99999.00,99999.00,99999.00,99999.00,99999.00,99999.00,99999.00,99999.00,99999.00,99999.00,99999.00,99999.00,99999.00,99999.00,99999.00,99999.00,99999.00,99999.00,99999.00,99999.00,99999.00,99999.00,99999.00,99999.00,99999.00,99999.00,99999.00,99999.00,99999.00,99999.00,99999.00,99999.00,99999.00,99999.00,99999.00,99999.00,99999.00,99999.00,99999.00,99999.00,99999.00,99999.00,99999.00,99999.00,99999.00,99999.00,99999.00,99999.00,99999.00,99999.00,99999.00,99999.00,99999.00,99999.00,99999.00,99999.00,99999.00,99999.00,99999.00,99999.00,99999.00,99999.00,99999.00,99999.00,99999.00,99999.00,99999.00,99999.00,99999.00,99999.00,99999.00,99999.00,99999.00,99999.00,99999.00,99999.00,99999.00,99999.00,99999.00,99999.00,99999.00,99999.00,99999.00,99999.00,99999.00,99999.00,99999.00,99999.00,99999.00,99999.00,99999.00,99999.00,99999.00,99999.00,99999.00,99999.00,99999.00,99999.00,99999.00,99999.00,99999.00,99999.00,99999.00,99999.00,99999.00,99999.00,99999.00,99999.00,99999.00,99999.00,99999.00,99999.00,99999.00,99999.00,99999.00,99999.00,99999.00
99999.00,99999.00,99999.00,99999.00,99999.00,99999.00,99999.00,99999.00,99999.00,99999.00,99999.00,99999.00,99999.00,99999.00,99999.00,99999.00,99999.00,99999.00,99999.00,99999.00,99999.00,99999.00,99999.00,99999.00,99999.00,99999.00,99999.00,99999.00,99999.00,99999.00,99999.00,99999.00,99999.00,99999.00,99999.00,99999.00,99999.00,99999.00,99999.00,99999.00,99999.00,99999.00,99999.00,99999.00,99999.00,99999.00,99999.00,99999.00,99999.00,99999.00,99999.00,99999.00,99999.00,99999.00,99999.00,99999.00,99999.00,99999.00,99999.00,99999.00,99999.00,99999.00,99999.00,99999.00,99999.00,99999.00,99999.00,99999.00,99999.00,99999.00,99999.00,99999.00,99999.00,99999.00,99999.00,99999.00,99999.00,99999.00,99999.00,99999.00,99999.00,99999.00,99999.00,99999.00,99999.00,99999.00,99999.00,99999.00,99999.00,99999.00,99999.00,99999.00,99999.00,99999.00,99999.00,99999.00,99999.00,99999.00,99999.00,99999.00,99999.00,99999.00,99999.00,99999.00,99999.00,99999.00,99999.00,99999.00,99999.00,99999.00,99999.00,99999.00,99999.00,99999.00,99999.00,99999.00,99999.00,99999.00,99999.00,99999.00,99999.00,99999.00,99999.00,99999.00,99999.00,99999.00,99999.00,99999.00,99999.00,99999.00,99999.00,99999.00
99999.00,99999.00,99999.00,99999.00,99999.00,99999.00,99999.00,99999.00,99999.00,99999.00,99999.00,99999.00,99999.00,99999.00,99999.00,99999.00,99999.00,99999.00,99999.00,99999.00,99999.00,99999.00,99999.00,99999.00,99999.00,99999.00,99999.00,99999.00,99999.00,99999.00,99999.00,99999.00,99999.00,99999.00,99999.00,99999.00,99999.00,99999.00,99999.00,99999.00,99999.00,99999.00,99999.00,99999.00,99999.00,99999.00,99999.00,99999.00,99999.00,99999.00,99999.00,99999.00,99999.00,99999.00,99999.00,99999.00,99999.00,99999.00,99999.00,99999.00,99999.00,99999.00,99999.00,99999.00,99999.00,99999.00,99999.00,99999.00,99999.00,99999.00,99999.00,99999.00,99999.00,99999.00,99999.00,99999.00,99999.00,99999.00,99999.00,99999.00,99999.00,99999.00,99999.00,99999.00,99999.00,99999.00,99999.00,99999.00,99999.00,99999.00,99999.00,99999.00,99999.00,99999.00,99999.00,99999.00,99999.00,99999.00,99999.00,99999.00,99999.00,99999.00,99999.00,99999.00,99999.00,99999.00,99999.00,99999.00,99999.00,99999.00,99999.00,99999.00,99999.00,99999.00,99999.00,99999.00,99999.00,99999.00,99999.00,99999.00,99999.00,99999.00,99999.00,99999.00,99999.00,99999.00,99999.00,99999.00,99999.00,99999.00,99999.00,99999.00
99999.00,99999.00,99999.00,99999.00,99999.00,99999.00,99999.00,99999.00,99999.00,99999.00,99999.00,99999.00,99999.00,99999.00,99999.00,99999.00,99999.00,99999.00,99999.00,99999.00,99999.00,99999.00,99999.00,99999.00,99999.00,99999.00,99999.00,99999.00,99999.00,99999.00,99999.00,99999.00,99999.00,99999.00,99999.00,99999.00,99999.00,99999.00,99999.00,99999.00,99999.00,99999.00,99999.00,99999.00,99999.00,99999.00,99999.00,99999.00,99999.00,99999.00,99999.00,99999.00,99999.00,99999.00,99999.00,99999.00,99999.00,99999.00,99999.00,99999.00,99999.00,99999.00,99999.00,99999.00,99999.00,99999.00,99999.00,99999.00,99999.00,99999.00,99999.00,99999.00,99999.00,99999.00,99999.00,99999.00,99999.00,99999.00,99999.00,99999.00,99999.00,99999.00,99999.00,99999.00,99999.00,99999.00,99999.00,99999.00,99999.00,99999.00,99999.00,99999.00,99999.00,99999.00,99999.00,99999.00,99999.00,99999.00,99999.00,99999.00,99999.00,99999.00,99999.00,99999.00,99999.00,99999.00,99999.00,99999.00,99999.00,99999.00,99999.00,99999.00,99999.00,99999.00,99999.00,99999.00,99999.00,99999.00,99999.00,99999.00,99999.00,99999.00,99999.00,99999.00,99999.00,99999.00,99999.00,99999.00,99999.00,99999.00,99999.00,99999.00
99999.00,99999.00,99999.00,99999.00,99999.00,99999.00,99999.00,99999.00,99999.00,99999.00,99999.00,99999.00,99999.00,99999.00,99999.00,99999.00,99999.00,99999.00,99999.00,99999.00,99999.00,99999.00,99999.00,99999.00,99999.00,99999.00,99999.00,99999.00,99999.00,99999.00,99999.00,99999.00,99999.00,99999.00,99999.00,99999.00,99999.00,99999.00,99999.00,99999.00,99999.00,99999.00,99999.00,99999.00,99999.00,99999.00,99999.00,99999.00,99999.00,99999.00,99999.00,99999.00,99999.00,99999.00,99999.00,99999.00,99999.00,99999.00,99999.00,99999.00,99999.00,99999.00,99999.00,99999.00,99999.00,99999.00,99999.00,99999.00,99999.00,99999.00,99999.00,99999.00,99999.00,99999.00,99999.00,99999.00,99999.00,99999.00,99999.00,99999.00,99999.00,99999.00,99999.00,99999.00,99999.00,99999.00,99999.00,99999.00,99999.00,99999.00,99999.00,99999.00,99999.00,99999.00,99999.00,99999.00,99999.00,99999.00,99999.00,99999.00,99999.00,99999.00,99999.00,99999.00,99999.00,99999.00,99999.00,99999.00,99999.00,99999.00,99999.00,99999.00,99999.00,99999.00,99999.00,99999.00,99999.00,99999.00,99999.00,99999.00,99999.00,99999.00,99999.00,99999.00,99999.00,99999.00,99999.00,99999.00,99999.00,99999.00,99999.00,99999.00
99999.00,99999.00,99999.00,99999.00,99999.00,99999.00,99999.00,99999.00,99999.00,99999.00,99999.00,99999.00,99999.00,99999.00,99999.00,99999.00,99999.00,99999.00,99999.00,99999.00,99999.00,99999.00,99999.00,99999.00,99999.00,99999.00,99999.00,99999.00,99999.00,99999.00,99999.00,99999.00,99999.00,99999.00,99999.00,99999.00,99999.00,99999.00,99999.00,99999.00,99999.00,99999.00,99999.00,99999.00,99999.00,99999.00,99999.00,99999.00,99999.00,99999.00,99999.00,99999.00,99999.00,99999.00,99999.00,99999.00,99999.00,99999.00,99999.00,99999.00,99999.00,99999.00,99999.00,99999.00,99999.00,99999.00,99999.00,99999.00,99999.00,99999.00,99999.00,99999.00,99999.00,99999.00,99999.00,99999.00,99999.00,99999.00,99999.00,99999.00,99999.00,99999.00,99999.00,99999.00,99999.00,99999.00,99999.00,99999.00,99999.00,99999.00,99999.00,99999.00,99999.00,99999.00,99999.00,99999.00,99999.00,99999.00,99999.00,99999.00,99999.00,99999.00,99999.00,99999.00,99999.00,99999.00,99999.00,99999.00,99999.00,99999.00,99999.00,99999.00,99999.00,99999.00,99999.00,99999.00,99999.00,99999.00,99999.00,99999.00,99999.00,99999.00,99999.00,99999.00,99999.00,99999.00,99999.00,99999.00,99999.00,99999.00,99999.00,99999.00
99999.00,99999.00,99999.00,99999.00,99999.00,99999.00,99999.00,99999.00,99999.00,99999.00,99999.00,99999.00,99999.00,99999.00,99999.00,99999.00,99999.00,99999.00,99999.00,99999.00,99999.00,99999.00,99999.00,99999.00,99999.00,99999.00,99999.00,99999.00,99999.00,99999.00,99999.00,99999.00,99999.00,99999.00,99999.00,99999.00,99999.00,99999.00,99999.00,99999.00,99999.00,99999.00,99999.00,99999.00,99999.00,99999.00,99999.00,99999.00,99999.00,99999.00,99999.00,99999.00,99999.00,99999.00,99999.00,99999.00,99999.00,99999.00,99999.00,99999.00,99999.00,99999.00,99999.00,99999.00,99999.00,99999.00,99999.00,99999.00,99999.00,99999.00,99999.00,99999.00,99999.00,99999.00,99999.00,99999.00,99999.00,99999.00,99999.00,99999.00,99999.00,99999.00,99999.00,99999.00,99999.00,99999.00,99999.00,99999.00,99999.00,99999.00,99999.00,99999.00,99999.00,99999.00,99999.00,99999.00,99999.00,99999.00,99999.00,99999.00,99999.00,99999.00,99999.00,99999.00,99999.00,99999.00,99999.00,99999.00,99999.00,99999.00,99999.00,99999.00,99999.00,99999.00,99999.00,99999.00,99999.00,99999.00,99999.00,99999.00,99999.00,99999.00,99999.00,99999.00,99999.00,99999.00,99999.00,99999.00,99999.00,99999.00,99999.00,99999.00
99999.00,99999.00,99999.00,99999.00,99999.00,99999.00,99999.00,99999.00,99999.00,99999.00,99999.00,99999.00,99999.00,99999.00,99999.00,99999.00,99999.00,99999.00,99999.00,99999.00,99999.00,99999.00,99999.00,99999.00,99999.00,99999.00,99999.00,99999.00,99999.00,99999.00,99999.00,99999.00,99999.00,99999.00,99999.00,99999.00,99999.00,99999.00,99999.00,99999.00,99999.00,99999.00,99999.00,99999.00,99999.00,99999.00,99999.00,99999.00,99999.00,99999.00,99999.00,99999.00,99999.00,99999.00,99999.00,99999.00,99999.00,99999.00,99999.00,99999.00,99999.00,99999.00,99999.00,99999.00,99999.00,99999.00,99999.00,99999.00,99999.00,99999.00,99999.00,99999.00,99999.00,99999.00,99999.00,99999.00,99999.00,99999.00,99999.00,99999.00,99999.00,99999.00,99999.00,99999.00,99999.00,99999.00,99999.00,99999.00,99999.00,99999.00,99999.00,99999.00,99999.00,99999.00,99999.00,99999.00,99999.00,99999.00,99999.00,99999.00,99999.00,99999.00,99999.00,99999.00,99999.00,99999.00,99999.00,99999.00,99999.00,99999.00,99999.00,99999.00,99999.00,99999.00,99999.00,99999.00,99999.00,99999.00,99999.00,99999.00,99999.00,99999.00,99999.00,99999.00,99999.00,99999.00,99999.00,99999.00,99999.00,99999.00,99999.00,99999.00
99999.00,99999.00,99999.00,99999.00,99999.00,99999.00,99999.00,99999.00,99999.00,99999.00,99999.00,99999.00,99999.00,99999.00,99999.00,99999.00,99999.00,99999.00,99999.00,99999.00,99999.00,99999.00,99999.00,99999.00,99999.00,99999.00,99999.00,99999.00,99999.00,99999.00,99999.00,99999.00,99999.00,99999.00,99999.00,99999.00,99999.00,99999.00,99999.00,99999.00,99999.00,99999.00,99999.00,99999.00,99999.00,99999.00,99999.00,99999.00,99999.00,99999.00,99999.00,99999.00,99999.00,99999.00,99999.00,99999.00,99999.00,99999.00,99999.00,99999.00,99999.00,99999.00,99999.00,99999.00,99999.00,99999.00,99999.00,99999.00,99999.00,99999.00,99999.00,99999.00,99999.00,99999.00,99999.00,99999.00,99999.00,99999.00,99999.00,99999.00,99999.00,99999.00,99999.00,99999.00,99999.00,99999.00,99999.00,99999.00,99999.00,99999.00,99999.00,99999.00,99999.00,99999.00,99999.00,99999.00,99999.00,99999.00,99999.00,99999.00,99999.00,99999.00,99999.00,99999.00,99999.00,99999.00,99999.00,99999.00,99999.00,99999.00,99999.00,99999.00,99999.00,99999.00,99999.00,99999.00,99999.00,99999.00,99999.00,99999.00,99999.00,99999.00,99999.00,99999.00,99999.00,99999.00,99999.00,99999.00,99999.00,99999.00,99999.00,99999.00
99999.00,99999.00,99999.00,99999.00,99999.00,99999.00,99999.00,99999.00,99999.00,99999.00,99999.00,99999.00,99999.00,99999.00,99999.00,99999.00,99999.00,99999.00,99999.00,99999.00,99999.00,99999.00,99999.00,99999.00,99999.00,99999.00,99999.00,99999.00,99999.00,99999.00,99999.00,99999.00,99999.00,99999.00,99999.00,99999.00,99999.00,99999.00,99999.00,99999.00,99999.00,99999.00,99999.00,99999.00,99999.00,99999.00,99999.00,99999.00,99999.00,99999.00,99999.00,99999.00,99999.00,99999.00,99999.00,99999.00,99999.00,99999.00,99999.00,99999.00,99999.00,99999.00,99999.00,99999.00,99999.00,99999.00,99999.00,99999.00,99999.00,99999.00,99999.00,99999.00,99999.00,99999.00,99999.00,99999.00,99999.00,99999.00,99999.00,99999.00,99999.00,99999.00,99999.00,99999.00,99999.00,99999.00,99999.00,99999.00,99999.00,99999.00,99999.00,99999.00,99999.00,99999.00,99999.00,99999.00,99999.00,99999.00,99999.00,99999.00,99999.00,99999.00,99999.00,99999.00,99999.00,99999.00,99999.00,99999.00,99999.00,99999.00,99999.00,99999.00,99999.00,99999.00,99999.00,99999.00,99999.00,99999.00,99999.00,99999.00,99999.00,99999.00,99999.00,99999.00,99999.00,99999.00,99999.00,99999.00,99999.00,99999.00,99999.00,99999.00
99999.00,99999.00,99999.00,99999.00,99999.00,99999.00,99999.00,99999.00,99999.00,99999.00,99999.00,99999.00,99999.00,99999.00,99999.00,99999.00,99999.00,99999.00,99999.00,99999.00,99999.00,99999.00,99999.00,99999.00,99999.00,99999.00,99999.00,99999.00,99999.00,99999.00,99999.00,99999.00,99999.00,99999.00,99999.00,99999.00,99999.00,99999.00,99999.00,99999.00,99999.00,99999.00,99999.00,99999.00,99999.00,99999.00,99999.00,99999.00,99999.00,99999.00,99999.00,99999.00,99999.00,99999.00,99999.00,99999.00,99999.00,99999.00,99999.00,99999.00,99999.00,99999.00,99999.00,99999.00,99999.00,99999.00,99999.00,99999.00,99999.00,99999.00,99999.00,99999.00,99999.00,99999.00,99999.00,99999.00,99999.00,99999.00,99999.00,99999.00,99999.00,99999.00,99999.00,99999.00,99999.00,99999.00,99999.00,99999.00,99999.00,99999.00,99999.00,99999.00,99999.00,99999.00,99999.00,99999.00,99999.00,99999.00,99999.00,99999.00,99999.00,99999.00,99999.00,99999.00,99999.00,99999.00,99999.00,99999.00,99999.00,99999.00,99999.00,99999.00,99999.00,99999.00,99999.00,99999.00,99999.00,99999.00,99999.00,99999.00,99999.00,99999.00,99999.00,99999.00,99999.00,99999.00,99999.00,99999.00,99999.00,99999.00,99999.00,99999.00
