99999.00,99999.00,99999.00,99999.00,99999.00,99999.00,99999.00,99999.00,99999.00,99999.00,99999.00,99999.00,99999.00,99999.00,99999.00,99999.00,99999.00,99999.00,99999.00,99999.00,99999.00,99999.00,99999.00,99999.00,99999.00,99999.00,99999.00,99999.00,99999.00,99999.00,99999.00,99999.00,99999.00,99999.00,99999.00,99999.00,99999.00,99999.00,99999.00,99999.00,99999.00,99999.00,99999.00,99999.00,99999.00,99999.00,99999.00,99999.00,99999.00,99999.00,99999.00,99999.00,99999.00,99999.00,99999.00,99999.00,99999.00,99999.00,99999.00,99999.00,99999.00,99999.00,99999.00,99999.00,99999.00,99999.00,99999.00,99999.00,99999.00,99999.00,99999.00,99999.00,99999.00,99999.00,99999.00,99999.00,99999.00,99999.00,99999.00,99999.00,99999.00,99999.00,99999.00,99999.00,99999.00,99999.00,99999.00,99999.00,99999.00,99999.00,99999.00,99999.00,99999.00,99999.00,99999.00,99999.00,99999.00,99999.00,99999.00,99999.00,99999.00,99999.00,99999.00,99999.00,99999.00,99999.00,99999.00,99999.00,99999.00,99999.00,99999.00,99999.00,99999.00,99999.00,99999.00,99999.00,99999.00,99999.00,99999.00,99999.00,99999.00,99999.00,99999.00,99999.00,99999.00,99999.00,99999.00,99999.00
99999.00,99999.00,99999.00,99999.00,99999.00,99999.00,99999.00,99999.00,99999.00,99999.00,99999.00,99999.00,99999.00,99999.00,99999.00,99999.00,99999.00,99999.00,99999.00,99999.00,99999.00,99999.00,99999.00,99999.00,99999.00,99999.00,99999.00,99999.00,99999.00,99999.00,99999.00,99999.00,99999.00,99999.00,99999.00,99999.00,99999.00,99999.00,99999.00,99999.00,99999.00,99999.00,99999.00,99999.00,99999.00,99999.00,99999.00,99999.00,99999.00,99999.00,99999.00,99999.00,99999.00,99999.00,99999.00,99999.00,99999.00,99999.00,99999.00,99999.00,99999.00,99999.00,99999.00,99999.00,99999.00,99999.00,99999.00,99999.00,99999.00,99999.00,99999.00,99999.00,99999.00,99999.00,99999.00,99999.00,99999.00,99999.00,99999.00,99999.00,99999.00,99999.00,99999.00,99999.00,99999.00,99999.00,99999.00,99999.00,99999.00,99999.00,99999.00,99999.00,99999.00,99999.00,99999.00,99999.00,99999.00,99999.00,99999.00,99999.00,99999.00,99999.00,99999.00,99999.00,99999.00,99999.00,99999.00,99999.00,99999.00,99999.00,99999.00,99999.00,99999.00,99999.00,99999.00,99999.00,99999.00,99999.00,99999.00,99999.00,99999.00,99999.00,99999.00,99999.00,99999.00,99999.00,99999.00,99999.00
99999.00,99999.00,99999.00,99999.00,99999.00,99999.00,99999.00,99999.00,99999.00,99999.00,99999.00,99999.00,99999.00,99999.00,99999.00,99999.00,99999.00,99999.00,99999.00,99999.00,99999.00,99999.00,99999.00,99999.00,99999.00,99999.00,99999.00,99999.00,99999.00,99999.00,99999.00,99999.00,99999.00,99999.00,99999.00,99999.00,99999.00,99999.00,99999.00,99999.00,99999.00,99999.00,99999.00,99999.00,99999.00,99999.00,99999.00,99999.00,99999.00,99999.00,99999.00,99999.00,99999.00,99999.00,99999.00,99999.00,99999.00,99999.00,99999.00,99999.00,99999.00,99999.00,99999.00,99999.00,99999.00,99999.00,99999.00,99999.00,99999.00,99999.00,99999.00,99999.00,99999.00,99999.00,99999.00,99999.00,99999.00,99999.00,99999.00,99999.00,99999.00,99999.00,99999.00,99999.00,99999.00,99999.00,99999.00,99999.00,99999.00,99999.00,99999.00,99999.00,99999.00,99999.00,99999.00,99999.00,99999.00,99999.00,99999.00,99999.00,99999.00,99999.00,99999.00,99999.00,99999.00,99999.00,99999.00,99999.00,99999.00,99999.00,99999.00,99999.00,99999.00,99999.00,99999.00,99999.00,99999.00,99999.00,99999.00,99999.00,99999.00,99999.00,99999.00,99999.00,99999.00,99999.00,99999.00,99999.00
99999.00,99999.00,99999.00,99999.00,99999.00,99999.00,99999.00,99999.00,99999.00,99999.00,99999.00,99999.00,99999.00,99999.00,99999.00,99999.00,99999.00,99999.00,99999.00,99999.00,99999.00,99999.00,99999.00,99999.00,99999.00,99999.00,99999.00,99999.00,99999.00,99999.00,99999.00,99999.00,99999.00,99999.00,99999.00,99999.00,99999.00,99999.00,99999.00,99999.00,99999.00,99999.00,99999.00,99999.00,99999.00,99999.00,99999.00,99999.00,99999.00,99999.00,99999.00,99999.00,99999.00,99999.00,99999.00,99999.00,99999.00,99999.00,99999.00,99999.00,99999.00,99999.00,99999.00,99999.00,99999.00,99999.00,99999.00,99999.00,99999.00,99999.00,99999.00,99999.00,99999.00,99999.00,99999.00,99999.00,99999.00,99999.00,99999.00,99999.00,99999.00,99999.00,99999.00,99999.00,99999.00,99999.00,99999.00,99999.00,99999.00,99999.00,99999.00,99999.00,99999.00,99999.00,99999.00,99999.00,99999.00,99999.00,99999.00,99999.00,99999.00,99999.00,99999.00,99999.00,99999.00,99999.00,99999.00,99999.00,99999.00,99999.00,99999.00,99999.00,99999.00,99999.00,99999.00,99999.00,99999.00,99999.00,99999.00,99999.00,99999.00,99999.00,99999.00,99999.00,99999.00,99999.00,99999.00,99999.00
99999.00,99999.00,99999.00,99999.00,99999.00,99999.00,99999.00,99999.00,99999.00,99999.00,99999.00,99999.00,99999.00,99999.00,99999.00,99999.00,99999.00,99999.00,99999.00,99999.00,99999.00,99999.00,99999.00,99999.00,99999.00,99999.00,99999.00,99999.00,99999.00,99999.00,99999.00,99999.00,99999.00,99999.00,99999.00,99999.00,99999.00,99999.00,99999.00,99999.00,99999.00,99999.00,99999.00,99999.00,99999.00,99999.00,99999.00,99999.00,99999.00,99999.00,99999.00,99999.00,99999.00,99999.00,99999.00,99999.00,99999.00,99999.00,99999.00,99999.00,99999.00,99999.00,99999.00,99999.00,99999.00,99999.00,99999.00,99999.00,99999.00,99999.00,99999.00,99999.00,99999.00,99999.00,99999.00,99999.00,99999.00,99999.00,99999.00,99999.00,99999.00,99999.00,99999.00,99999.00,99999.00,99999.00,99999.00,99999.00,99999.00,99999.00,99999.00,99999.00,99999.00,99999.00,99999.00,99999.00,99999.00,99999.00,99999.00,99999.00,99999.00,99999.00,99999.00,99999.00,99999.00,99999.00,99999.00,99999.00,99999.00,99999.00,99999.00,99999.00,99999.00,99999.00,99999.00,99999.00,99999.00,99999.00,99999.00,99999.00,99999.00,99999.00,99999.00,99999.00,99999.00,99999.00,99999.00,99999.00
99999.00,99999.00,99999.00,99999.00,99999.00,99999.00,99999.00,99999.00,99999.00,99999.00,99999.00,99999.00,99999.00,99999.00,99999.00,99999.00,99999.00,99999.00,99999.00,99999.00,99999.00,99999.00,99999.00,99999.00,99999.00,99999.00,99999.00,99999.00,99999.00,99999.00,99999.00,99999.00,99999.00,99999.00,99999.00,99999.00,99999.00,99999.00,99999.00,99999.00,99999.00,99999.00,99999.00,99999.00,99999.00,99999.00,99999.00,99999.00,99999.00,99999.00,99999.00,99999.00,99999.00,99999.00,99999.00,99999.00,99999.00,99999.00,99999.00,99999.00,99999.00,99999.00,99999.00,99999.00,99999.00,99999.00,99999.00,99999.00,99999.00,99999.00,99999.00,99999.00,99999.00,99999.00,99999.00,99999.00,99999.00,99999.00,99999.00,99999.00,99999.00,99999.00,99999.00,99999.00,99999.00,99999.00,99999.00,99999.00,99999.00,99999.00,99999.00,99999.00,99999.00,99999.00,99999.00,99999.00,99999.00,99999.00,99999.00,99999.00,99999.00,99999.00,99999.00,99999.00,99999.00,99999.00,99999.00,99999.00,99999.00,99999.00,99999.00,99999.00,99999.00,99999.00,99999.00,99999.00,99999.00,99999.00,99999.00,99999.00,99999.00,99999.00,99999.00,99999.00,99999.00,99999.00,99999.00,99999.00
99999.00,99999.00,99999.00,99999.00,99999.00,99999.00,99999.00,99999.00,99999.00,99999.00,99999.00,99999.00,99999.00,99999.00,99999.00,99999.00,99999.00,99999.00,99999.00,99999.00,99999.00,99999.00,99999.00,99999.00,99999.00,99999.00,99999.00,99999.00,99999.00,99999.00,99999.00,99999.00,99999.00,99999.00,99999.00,99999.00,99999.00,99999.00,99999.00,99999.00,99999.00,99999.00,99999.00,99999.00,99999.00,99999.00,99999.00,99999.00,99999.00,99999.00,99999.00,99999.00,99999.00,99999.00,99999.00,99999.00,99999.00,99999.00,99999.00,99999.00,99999.00,99999.00,99999.00,99999.00,99999.00,99999.00,99999.00,99999.00,99999.00,99999.00,99999.00,99999.00,99999.00,99999.00,99999.00,99999.00,99999.00,99999.00,99999.00,99999.00,99999.00,99999.00,99999.00,99999.00,99999.00,99999.00,99999.00,99999.00,99999.00,99999.00,99999.00,99999.00,99999.00,99999.00,99999.00,99999.00,99999.00,99999.00,99999.00,99999.00,99999.00,99999.00,99999.00,99999.00,99999.00,99999.00,99999.00,99999.00,99999.00,99999.00,99999.00,99999.00,99999.00,99999.00,99999.00,99999.00,99999.00,99999.00,99999.00,99999.00,99999.00,99999.00,99999.00,99999.00,99999.00,99999.00,99999.00,99999.00
99999.00,99999.00,99999.00,99999.00,99999.00,99999.00,99999.00,99999.00,99999.00,99999.00,99999.00,99999.00,99999.00,99999.00,99999.00,99999.00,99999.00,99999.00,99999.00,99999.00,99999.00,99999.00,99999.00,99999.00,99999.00,99999.00,99999.00,99999.00,99999.00,99999.00,99999.00,99999.00,99999.00,99999.00,99999.00,99999.00,99999.00,99999.00,99999.00,99999.00,99999.00,99999.00,99999.00,99999.00,99999.00,99999.00,99999.00,99999.00,99999.00,99999.00,99999.00,99999.00,99999.00,99999.00,99999.00,99999.00,99999.00,99999.00,99999.00,99999.00,99999.00,99999.00,99999.00,99999.00,99999.00,99999.00,99999.00,99999.00,99999.00,99999.00,99999.00,99999.00,99999.00,99999.00,99999.00,99999.00,99999.00,99999.00,99999.00,99999.00,99999.00,99999.00,99999.00,99999.00,99999.00,99999.00,99999.00,99999.00,99999.00,99999.00,99999.00,99999.00,99999.00,99999.00,99999.00,99999.00,99999.00,99999.00,99999.00,99999.00,99999.00,99999.00,99999.00,99999.00,99999.00,99999.00,99999.00,99999.00,99999.00,99999.00,99999.00,99999.00,99999.00,99999.00,99999.00,99999.00,99999.00,99999.00,99999.00,99999.00,99999.00,99999.00,99999.00,99999.00,99999.00,99999.00,99999.00,99999.00
99999.00,99999.00,99999.00,99999.00,99999.00,99999.00,99999.00,99999.00,99999.00,99999.00,99999.00,99999.00,99999.00,99999.00,99999.00,99999.00,99999.00,99999.00,99999.00,99999.00,99999.00,99999.00,99999.00,99999.00,99999.00,99999.00,99999.00,99999.00,99999.00,99999.00,99999.00,99999.00,99999.00,99999.00,99999.00,99999.00,99999.00,99999.00,99999.00,99999.00,99999.00,99999.00,99999.00,99999.00,99999.00,99999.00,99999.00,99999.00,99999.00,99999.00,99999.00,99999.00,99999.00,99999.00,99999.00,99999.00,99999.00,99999.00,99999.00,99999.00,99999.00,99999.00,99999.00,99999.00,99999.00,99999.00,99999.00,99999.00,99999.00,99999.00,99999.00,99999.00,99999.00,99999.00,99999.00,99999.00,99999.00,99999.00,99999.00,99999.00,99999.00,99999.00,99999.00,99999.00,99999.00,99999.00,99999.00,99999.00,99999.00,99999.00,99999.00,99999.00,99999.00,99999.00,99999.00,99999.00,99999.00,99999.00,99999.00,99999.00,99999.00,99999.00,99999.00,99999.00,99999.00,99999.00,99999.00,99999.00,99999.00,99999.00,99999.00,99999.00,99999.00,99999.00,99999.00,99999.00,99999.00,99999.00,99999.00,99999.00,99999.00,99999.00,99999.00,99999.00,99999.00,99999.00,99999.00,99999.00
99999.00,99999.00,99999.00,99999.00,99999.00,99999.00,99999.00,99999.00,99999.00,99999.00,99999.00,99999.00,99999.00,99999.00,99999.00,99999.00,99999.00,99999.00,99999.00,99999.00,99999.00,99999.00,99999.00,99999.00,99999.00,99999.00,99999.00,99999.00,99999.00,99999.00,99999.00,99999.00,99999.00,99999.00,99999.00,99999.00,99999.00,99999.00,99999.00,99999.00,99999.00,99999.00,99999.00,99999.00,99999.00,99999.00,99999.00,99999.00,99999.00,99999.00,99999.00,99999.00,99999.00,99999.00,99999.00,99999.00,99999.00,99999.00,99999.00,99999.00,99999.00,99999.00,99999.00,99999.00,99999.00,99999.00,99999.00,99999.00,99999.00,99999.00,99999.00,99999.00,99999.00,99999.00,99999.00,99999.00,99999.00,99999.00,99999.00,99999.00,99999.00,99999.00,99999.00,99999.00,99999.00,99999.00,99999.00,99999.00,99999.00,99999.00,99999.00,99999.00,99999.00,99999.00,99999.00,99999.00,99999.00,99999.00,99999.00,99999.00,99999.00,99999.00,99999.00,99999.00,99999.00,99999.00,99999.00,99999.00,99999.00,99999.00,99999.00,99999.00,99999.00,99999.00,99999.00,99999.00,99999.00,99999.00,99999.00,99999.00,99999.00,99999.00,99999.00,99999.00,99999.00,99999.00,99999.00,99999.00
99999.00,99999.00,99999.00,99999.00,99999.00,99999.00,99999.00,99999.00,99999.00,99999.00,99999.00,99999.00,99999.00,99999.00,99999.00,99999.00,99999.00,99999.00,99999.00,99999.00,99999.00,99999.00,99999.00,99999.00,99999.00,99999.00,99999.00,99999.00,99999.00,99999.00,99999.00,99999.00,99999.00,99999.00,99999.00,99999.00,99999.00,99999.00,99999.00,99999.00,99999.00,99999.00,99999.00,99999.00,99999.00,99999.00,99999.00,99999.00,99999.00,99999.00,99999.00,99999.00,99999.00,99999.00,99999.00,99999.00,99999.00,99999.00,99999.00,99999.00,99999.00,99999.00,99999.00,99999.00,99999.00,99999.00,99999.00,99999.00,99999.00,99999.00,99999.00,99999.00,99999.00,99999.00,99999.00,99999.00,99999.00,99999.00,99999.00,99999.00,99999.00,99999.00,99999.00,99999.00,99999.00,99999.00,99999.00,99999.00,99999.00,99999.00,99999.00,99999.00,99999.00,99999.00,99999.00,99999.00,99999.00,99999.00,99999.00,99999.00,99999.00,99999.00,99999.00,99999.00,99999.00,99999.00,99999.00,99999.00,99999.00,99999.00,99999.00,99999.00,99999.00,99999.00,99999.00,99999.00,99999.00,99999.00,99999.00,99999.00,99999.00,99999.00,99999.00,99999.00,99999.00,99999.00,99999.00,99999.00
99999.00,99999.00,99999.00,99999.00,99999.00,99999.00,99999.00,99999.00,99999.00,99999.00,99999.00,99999.00,99999.00,99999.00,99999.00,99999.00,99999.00,99999.00,99999.00,99999.00,99999.00,99999.00,99999.00,99999.00,99999.00,99999.00,99999.00,99999.00,99999.00,99999.00,99999.00,99999.00,99999.00,99999.00,99999.00,99999.00,99999.00,99999.00,99999.00,99999.00,99999.00,99999.00,99999.00,99999.00,99999.00,99999.00,99999.00,99999.00,99999.00,99999.00,99999.00,99999.00,99999.00,99999.00,99999.00,99999.00,99999.00,99999.00,99999.00,99999.00,99999.00,99999.00,99999.00,99999.00,99999.00,99999.00,99999.00,99999.00,99999.00,99999.00,99999.00,99999.00,99999.00,99999.00,99999.00,99999.00,99999.00,99999.00,99999.00,99999.00,99999.00,99999.00,99999.00,99999.00,99999.00,99999.00,99999.00,99999.00,99999.00,99999.00,99999.00,99999.00,99999.00,99999.00,99999.00,99999.00,99999.00,99999.00,99999.00,99999.00,99999.00,99999.00,99999.00,99999.00,99999.00,99999.00,99999.00,99999.00,99999.00,99999.00,99999.00,99999.00,99999.00,99999.00,99999.00,99999.00,99999.00,99999.00,99999.00,99999.00,99999.00,99999.00,99999.00,99999.00,99999.00,99999.00,99999.00,99999.00
99999.00,99999.00,99999.00,99999.00,99999.00,99999.00,99999.00,99999.00,99999.00,99999.00,99999.00,99999.00,99999.00,99999.00,99999.00,99999.00,99999.00,99999.00,99999.00,99999.00,99999.00,99999.00,99999.00,99999.00,99999.00,99999.00,99999.00,99999.00,99999.00,99999.00,99999.00,99999.00,99999.00,99999.00,99999.00,99999.00,99999.00,99999.00,99999.00,99999.00,99999.00,99999.00,99999.00,99999.00,99999.00,99999.00,99999.00,99999.00,99999.00,99999.00,99999.00,99999.00,99999.00,99999.00,99999.00,99999.00,99999.00,99999.00,99999.00,99999.00,99999.00,99999.00,99999.00,99999.00,99999.00,99999.00,99999.00,99999.00,99999.00,99999.00,99999.00,99999.00,99999.00,99999.00,99999.00,99999.00,99999.00,99999.00,99999.00,99999.00,99999.00,99999.00,99999.00,99999.00,99999.00,99999.00,99999.00,99999.00,99999.00,99999.00,99999.00,99999.00,99999.00,99999.00,99999.00,99999.00,99999.00,99999.00,99999.00,99999.00,99999.00,99999.00,99999.00,99999.00,99999.00,99999.00,99999.00,99999.00,99999.00,99999.00,99999.00,99999.00,99999.00,99999.00,99999.00,99999.00,99999.00,99999.00,99999.00,99999.00,99999.00,99999.00,99999.00,99999.00,99999.00,99999.00,99999.00,99999.00
99999.00,99999.00,99999.00,99999.00,99999.00,99999.00,99999.00,99999.00,99999.00,99999.00,99999.00,99999.00,99999.00,99999.00,99999.00,99999.00,99999.00,99999.00,99999.00,99999.00,99999.00,99999.00,99999.00,99999.00,99999.00,99999.00,99999.00,99999.00,99999.00,99999.00,99999.00,99999.00,99999.00,99999.00,99999.00,99999.00,99999.00,99999.00,99999.00,99999.00,99999.00,99999.00,99999.00,99999.00,99999.00,99999.00,99999.00,99999.00,99999.00,99999.00,99999.00,99999.00,99999.00,99999.00,99999.00,99999.00,99999.00,99999.00,99999.00,99999.00,99999.00,99999.00,99999.00,99999.00,99999.00,99999.00,99999.00,99999.00,99999.00,99999.00,99999.00,99999.00,99999.00,99999.00,99999.00,99999.00,99999.00,99999.00,99999.00,99999.00,99999.00,99999.00,99999.00,99999.00,99999.00,99999.00,99999.00,99999.00,99999.00,99999.00,99999.00,99999.00,99999.00,99999.00,99999.00,99999.00,99999.00,99999.00,99999.00,99999.00,99999.00,99999.00,99999.00,99999.00,99999.00,99999.00,99999.00,99999.00,99999.00,99999.00,99999.00,99999.00,99999.00,99999.00,99999.00,99999.00,99999.00,99999.00,99999.00,99999.00,99999.00,99999.00,99999.00,99999.00,99999.00,99999.00,99999.00,99999.00
99999.00,99999.00,99999.00,99999.00,99999.00,99999.00,99999.00,99999.00,99999.00,99999.00,99999.00,99999.00,99999.00,99999.00,99999.00,99999.00,99999.00,99999.00,99999.00,99999.00,99999.00,99999.00,99999.00,99999.00,99999.00,99999.00,99999.00,99999.00,99999.00,99999.00,99999.00,99999.00,99999.00,99999.00,99999.00,99999.00,99999.00,99999.00,99999.00,99999.00,99999.00,99999.00,99999.00,99999.00,99999.00,99999.00,99999.00,99999.00,99999.00,99999.00,99999.00,99999.00,99999.00,99999.00,99999.00,99999.00,99999.00,99999.00,99999.00,99999.00,99999.00,99999.00,99999.00,99999.00,99999.00,99999.00,99999.00,99999.00,99999.00,99999.00,99999.00,99999.00,99999.00,99999.00,99999.00,99999.00,99999.00,99999.00,99999.00,99999.00,99999.00,99999.00,99999.00,99999.00,99999.00,99999.00,99999.00,99999.00,99999.00,99999.00,99999.00,99999.00,99999.00,99999.00,99999.00,99999.00,99999.00,99999.00,99999.00,99999.00,99999.00,99999.00,99999.00,99999.00,99999.00,99999.00,99999.00,99999.00,99999.00,99999.00,99999.00,99999.00,99999.00,99999.00,99999.00,99999.00,99999.00,99999.00,99999.00,99999.00,99999.00,99999.00,99999.00,99999.00,99999.00,99999.00,99999.00,99999.00
99999.00,99999.00,99999.00,99999.00,99999.00,99999.00,99999.00,99999.00,99999.00,99999.00,99999.00,99999.00,99999.00,99999.00,99999.00,99999.00,99999.00,99999.00,99999.00,99999.00,99999.00,99999.00,99999.00,99999.00,99999.00,99999.00,99999.00,99999.00,99999.00,99999.00,99999.00,99999.00,99999.00,99999.00,99999.00,99999.00,99999.00,99999.00,99999.00,99999.00,99999.00,99999.00,99999.00,99999.00,99999.00,99999.00,99999.00,99999.00,99999.00,99999.00,1037.19,1028.18,1020.42,1014.83,1012.39,1014.28,99999.00,99999.00,99999.00,99999.00,99999.00,99999.00,99999.00,99999.00,99999.00,99999.00,99999.00,99999.00,99999.00,99999.00,99999.00,99999.00,99999.00,99999.00,99999.00,99999.00, 943.92, 939.67, 941.34, 949.46,99999.00,99999.00,99999.00,99999.00,99999.00,99999.00,99999.00,99999.00,99999.00,99999.00,99999.00,99999.00,99999.00,99999.00,99999.00,99999.00,99999.00,99999.00,99999.00,99999.00,1041.94,1043.18,1049.13,1057.88,99999.00,99999.00,99999.00,99999.00,99999.00,99999.00,99999.00,99999.00,99999.00,99999.00,99999.00,99999.00,99999.00,99999.00,99999.00,99999.00,99999.00,99999.00,99999.00,99999.00,99999.00,99999.00,99999.00,99999.00
99999.00,99999.00,99999.00,99999.00,99999.00,99999.00,99999.00,99999.00,99999.00,99999.00,99999.00,99999.00,99999.00,99999.00,99999.00,99999.00,99999.00,99999.00,99999.00,99999.00,99999.00,99999.00,99999.00,99999.00,99999.00,99999.00,99999.00,99999.00,99999.00,99999.00,99999.00,99999.00,99999.00,99999.00,99999.00,99999.00,99999.00,99999.00,99999.00,99999.00,99999.00,99999.00,99999.00,99999.00,99999.00,99999.00,99999.00,99999.00,99999.00,99999.00,1010.52,1002.04, 994.61, 989.01, 986.20, 987.28,99999.00,99999.00,99999.00,99999.00,99999.00,99999.00,99999.00,99999.00,99999.00,99999.00,99999.00,99999.00,99999.00,99999.00,99999.00,99999.00,99999.00,99999.00,99999.00,99999.00, 915.93, 912.18, 913.80, 921.34,99999.00,99999.00,99999.00,99999.00,99999.00,99999.00,99999.00,99999.00,99999.00,99999.00,99999.00,99999.00,99999.00,99999.00,99999.00,99999.00,99999.00,99999.00,99999.00,99999.00,1013.82,1015.64,1021.63,1029.89,99999.00,99999.00,99999.00,99999.00,99999.00,99999.00,99999.00,99999.00,99999.00,99999.00,99999.00,99999.00,99999.00,99999.00,99999.00,99999.00,99999.00,99999.00,99999.00,99999.00,99999.00,99999.00,99999.00,99999.00
99999.00,99999.00,99999.00,99999.00,99999.00,99999.00,99999.00,99999.00,99999.00,99999.00,99999.00,99999.00,99999.00,99999.00,99999.00,99999.00,99999.00,99999.00,99999.00,99999.00,99999.00,99999.00,99999.00,99999.00,99999.00,99999.00,99999.00,99999.00,99999.00,99999.00,99999.00,99999.00,99999.00,99999.00,99999.00,99999.00,99999.00,99999.00,99999.00,99999.00,99999.00,99999.00,99999.00,99999.00,99999.00,99999.00,99999.00,99999.00,99999.00,99999.00, 985.62, 977.10, 970.00, 964.40, 961.22, 961.49,99999.00,99999.00,99999.00,99999.00,99999.00,99999.00,99999.00,99999.00,99999.00,99999.00,99999.00,99999.00,99999.00,99999.00,99999.00,99999.00,99999.00,99999.00,99999.00,99999.00, 889.15, 885.89, 887.47, 894.43,99999.00,99999.00,99999.00,99999.00,99999.00,99999.00,99999.00,99999.00,99999.00,99999.00,99999.00,99999.00,99999.00,99999.00,99999.00,99999.00,99999.00,99999.00,99999.00,99999.00, 986.91, 989.31, 995.35,1003.21,99999.00,99999.00,99999.00,99999.00,99999.00,99999.00,99999.00,99999.00,99999.00,99999.00,99999.00,99999.00,99999.00,99999.00,99999.00,99999.00,99999.00,99999.00,99999.00,99999.00,99999.00,99999.00,99999.00,99999.00
99999.00,99999.00,99999.00,99999.00,99999.00,99999.00,99999.00,99999.00,99999.00,99999.00,99999.00,99999.00,99999.00,99999.00,99999.00,99999.00,99999.00,99999.00,99999.00,99999.00,99999.00,99999.00,99999.00,99999.00,99999.00,99999.00,99999.00,99999.00,99999.00,99999.00,99999.00,99999.00,99999.00,99999.00,99999.00,99999.00,99999.00,99999.00,99999.00,99999.00,99999.00,99999.00,99999.00,99999.00,99999.00,99999.00,99999.00,99999.00,99999.00,99999.00, 962.42, 953.14, 946.35, 940.75, 937.20, 936.65,99999.00,99999.00,99999.00,99999.00,99999.00,99999.00,99999.00,99999.00,99999.00,99999.00,99999.00,99999.00,99999.00,99999.00,99999.00,99999.00,99999.00,99999.00,99999.00,99999.00, 863.33, 860.56, 862.10, 868.48,99999.00,99999.00,99999.00,99999.00,99999.00,99999.00,99999.00,99999.00,99999.00,99999.00,99999.00,99999.00,99999.00,99999.00,99999.00,99999.00,99999.00,99999.00,99999.00,99999.00, 960.96, 963.94, 970.02, 977.65,99999.00,99999.00,99999.00,99999.00,99999.00,99999.00,99999.00,99999.00,99999.00,99999.00,99999.00,99999.00,99999.00,99999.00,99999.00,99999.00,99999.00,99999.00,99999.00,99999.00,99999.00,99999.00,99999.00,99999.00
99999.00,99999.00,99999.00,99999.00,99999.00,99999.00,99999.00,99999.00,99999.00,99999.00,99999.00,99999.00,99999.00,99999.00,99999.00,99999.00,99999.00,99999.00,99999.00,99999.00,99999.00,99999.00,99999.00,99999.00,99999.00,99999.00,99999.00,99999.00,99999.00,99999.00,99999.00,99999.00,99999.00,99999.00,99999.00,99999.00,99999.00,99999.00,99999.00,99999.00,99999.00,99999.00,99999.00,99999.00,99999.00,99999.00,99999.00,99999.00,99999.00,99999.00, 940.58, 930.38, 923.48, 917.88, 913.96, 912.60,99999.00,99999.00,99999.00,99999.00,99999.00,99999.00,99999.00,99999.00,99999.00,99999.00,99999.00,99999.00,99999.00,99999.00,99999.00,99999.00,99999.00,99999.00,99999.00,99999.00, 838.30, 836.02, 837.52, 843.32,99999.00,99999.00,99999.00,99999.00,99999.00,99999.00,99999.00,99999.00,99999.00,99999.00,99999.00,99999.00,99999.00,99999.00,99999.00,99999.00,99999.00,99999.00,99999.00,99999.00, 935.80, 939.35, 945.47, 953.73,99999.00,99999.00,99999.00,99999.00,99999.00,99999.00,99999.00,99999.00,99999.00,99999.00,99999.00,99999.00,99999.00,99999.00,99999.00,99999.00,99999.00,99999.00,99999.00,99999.00,99999.00,99999.00,99999.00,99999.00
99999.00,99999.00,99999.00,99999.00,99999.00,99999.00,99999.00,99999.00,99999.00,99999.00,99999.00,99999.00,99999.00,99999.00,99999.00,99999.00,99999.00,99999.00,99999.00,99999.00,99999.00,99999.00,99999.00,99999.00,99999.00,99999.00,99999.00,99999.00,99999.00,99999.00,99999.00,99999.00,99999.00,99999.00,99999.00,99999.00,99999.00,99999.00,99999.00,99999.00,99999.00,99999.00,99999.00,99999.00,99999.00,99999.00,99999.00,99999.00,99999.00,99999.00, 919.97, 908.93, 901.27, 895.67, 891.38, 889.20,99999.00,99999.00,99999.00,99999.00,99999.00,99999.00,99999.00,99999.00,99999.00,99999.00,99999.00,99999.00,99999.00,99999.00,99999.00,99999.00,99999.00,99999.00,99999.00,99999.00, 813.92, 812.13, 813.58, 818.81,99999.00,99999.00,99999.00,99999.00,99999.00,99999.00,99999.00,99999.00,99999.00,99999.00,99999.00,99999.00,99999.00,99999.00,99999.00,99999.00,99999.00,99999.00,99999.00,99999.00, 911.29, 915.42, 921.67, 931.29,99999.00,99999.00,99999.00,99999.00,99999.00,99999.00,99999.00,99999.00,99999.00,99999.00,99999.00,99999.00,99999.00,99999.00,99999.00,99999.00,99999.00,99999.00,99999.00,99999.00,99999.00,99999.00,99999.00,99999.00
99999.00,99999.00,99999.00,99999.00,99999.00,99999.00,99999.00,99999.00,99999.00,99999.00,99999.00,99999.00,99999.00,99999.00,99999.00,99999.00,99999.00,99999.00,99999.00,99999.00,99999.00,99999.00,99999.00,99999.00,99999.00,99999.00,99999.00,99999.00,99999.00,99999.00,99999.00,99999.00,99999.00,99999.00,99999.00,99999.00,99999.00,99999.00,99999.00,99999.00,99999.00,99999.00,99999.00,99999.00,99999.00,99999.00,99999.00,99999.00,99999.00,99999.00, 900.37, 888.55, 879.98, 874.02, 869.35, 866.37,99999.00,99999.00,99999.00,99999.00,99999.00,99999.00,99999.00,99999.00,99999.00,99999.00,99999.00,99999.00,99999.00,99999.00,99999.00,99999.00,99999.00,99999.00,99999.00,99999.00, 790.09, 788.80, 790.21, 794.86,99999.00,99999.00,99999.00,99999.00,99999.00,99999.00,99999.00,99999.00,99999.00,99999.00,99999.00,99999.00,99999.00,99999.00,99999.00,99999.00,99999.00,99999.00,99999.00,99999.00, 887.34, 892.05, 899.21, 910.10,99999.00,99999.00,99999.00,99999.00,99999.00,99999.00,99999.00,99999.00,99999.00,99999.00,99999.00,99999.00,99999.00,99999.00,99999.00,99999.00,99999.00,99999.00,99999.00,99999.00,99999.00,99999.00,99999.00,99999.00
99999.00,99999.00,99999.00,99999.00,99999.00,99999.00,99999.00,99999.00,99999.00,99999.00,99999.00,99999.00,99999.00,99999.00,99999.00,99999.00,99999.00,99999.00,99999.00,99999.00,99999.00,99999.00,99999.00,99999.00,99999.00,99999.00,99999.00,99999.00,99999.00,99999.00,99999.00,99999.00,99999.00,99999.00,99999.00,99999.00,99999.00,99999.00,99999.00,99999.00,99999.00,99999.00,99999.00,99999.00,99999.00,99999.00,99999.00,99999.00,99999.00,99999.00, 881.50, 869.20, 859.77, 852.85, 847.81, 844.02,99999.00,99999.00,99999.00,99999.00,99999.00,99999.00,99999.00,99999.00,99999.00,99999.00,99999.00,99999.00,99999.00,99999.00,99999.00,99999.00,99999.00,99999.00,99999.00,99999.00, 766.76, 765.95, 767.32, 771.39,99999.00,99999.00,99999.00,99999.00,99999.00,99999.00,99999.00,99999.00,99999.00,99999.00,99999.00,99999.00,99999.00,99999.00,99999.00,99999.00,99999.00,99999.00,99999.00,99999.00, 863.87, 869.50, 878.03, 889.99,99999.00,99999.00,99999.00,99999.00,99999.00,99999.00,99999.00,99999.00,99999.00,99999.00,99999.00,99999.00,99999.00,99999.00,99999.00,99999.00,99999.00,99999.00,99999.00,99999.00,99999.00,99999.00,99999.00,99999.00
99999.00,99999.00,99999.00,99999.00,99999.00,99999.00,99999.00,99999.00,99999.00,99999.00,99999.00,99999.00,99999.00,99999.00,99999.00,99999.00,99999.00,99999.00,99999.00,99999.00,99999.00,99999.00,99999.00,99999.00,99999.00,99999.00,99999.00,99999.00,99999.00,99999.00,99999.00,99999.00,99999.00,99999.00,99999.00,99999.00,99999.00,99999.00,99999.00,99999.00,99999.00,99999.00,99999.00,99999.00,99999.00,99999.00,99999.00,99999.00,99999.00,99999.00, 863.10, 850.69, 840.48, 832.65, 826.73, 822.13,99999.00,99999.00,99999.00,99999.00,99999.00,99999.00,99999.00,99999.00,99999.00,99999.00,99999.00,99999.00,99999.00,99999.00,99999.00,99999.00,99999.00,99999.00,99999.00,99999.00, 743.90, 743.57, 744.90, 748.40,99999.00,99999.00,99999.00,99999.00,99999.00,99999.00,99999.00,99999.00,99999.00,99999.00,99999.00,99999.00,99999.00,99999.00,99999.00,99999.00,99999.00,99999.00,99999.00,99999.00, 840.87, 848.13, 857.92, 870.52,99999.00,99999.00,99999.00,99999.00,99999.00,99999.00,99999.00,99999.00,99999.00,99999.00,99999.00,99999.00,99999.00,99999.00,99999.00,99999.00,99999.00,99999.00,99999.00,99999.00,99999.00,99999.00,99999.00,99999.00
99999.00,99999.00,99999.00,99999.00,99999.00,99999.00,99999.00,99999.00,99999.00,99999.00,99999.00,99999.00,99999.00,99999.00,99999.00,99999.00,99999.00,99999.00,99999.00,99999.00,99999.00,99999.00,99999.00,99999.00,99999.00,99999.00,99999.00,99999.00,99999.00,99999.00,99999.00,99999.00,99999.00,99999.00,99999.00,99999.00,99999.00,99999.00,99999.00,99999.00,99999.00,99999.00,99999.00,99999.00,99999.00,99999.00,99999.00,99999.00,99999.00,99999.00, 845.25, 832.89, 822.10, 813.42, 806.50, 800.92, 796.17,99999.00,99999.00,99999.00,99999.00,99999.00,99999.00,99999.00,99999.00,99999.00,99999.00,99999.00,99999.00,99999.00,99999.00,99999.00,99999.00,99999.00,99999.00, 724.85, 721.80, 721.88, 723.16, 726.17, 730.15,99999.00,99999.00,99999.00,99999.00,99999.00,99999.00,99999.00,99999.00,99999.00,99999.00,99999.00,99999.00,99999.00,99999.00,99999.00,99999.00,99999.00,99999.00, 812.44, 819.33, 827.93, 838.79, 851.42,99999.00,99999.00,99999.00,99999.00,99999.00,99999.00,99999.00,99999.00,99999.00,99999.00,99999.00,99999.00,99999.00,99999.00,99999.00,99999.00,99999.00,99999.00,99999.00,99999.00,99999.00,99999.00,99999.00,99999.00
99999.00,99999.00,99999.00,99999.00,99999.00,99999.00,99999.00,99999.00,99999.00,99999.00,99999.00,99999.00,99999.00,99999.00,99999.00,99999.00,99999.00,99999.00,99999.00,99999.00,99999.00,99999.00,99999.00,99999.00,99999.00,99999.00,99999.00,99999.00,99999.00,99999.00,99999.00,99999.00,99999.00,99999.00,99999.00,99999.00,99999.00,99999.00,99999.00,99999.00,99999.00,99999.00,99999.00,99999.00,99999.00,99999.00,99999.00,99999.00,99999.00,99999.00, 827.81, 815.65, 804.57, 795.17, 787.42, 780.83, 775.02, 769.66,99999.00,99999.00,99999.00,99999.00,99999.00,99999.00,99999.00,99999.00,99999.00,99999.00,99999.00,99999.00,99999.00,99999.00,99999.00,99999.00, 706.89, 703.12, 700.71, 701.07, 702.32, 704.95, 708.23, 712.03,99999.00,99999.00,99999.00,99999.00,99999.00,99999.00,99999.00,99999.00,99999.00,99999.00,99999.00,99999.00,99999.00,99999.00,99999.00,99999.00, 783.84, 790.96, 799.22, 808.94, 820.40, 833.89,99999.00,99999.00,99999.00,99999.00,99999.00,99999.00,99999.00,99999.00,99999.00,99999.00,99999.00,99999.00,99999.00,99999.00,99999.00,99999.00,99999.00,99999.00,99999.00,99999.00,99999.00,99999.00,99999.00,99999.00
99999.00,99999.00,99999.00,99999.00,99999.00,99999.00,99999.00,99999.00,99999.00,99999.00,99999.00,99999.00,99999.00,99999.00,99999.00,99999.00,99999.00,99999.00,99999.00,99999.00,99999.00,99999.00,99999.00,99999.00,99999.00,99999.00,99999.00,99999.00,99999.00,99999.00,99999.00,99999.00,99999.00,99999.00,99999.00,99999.00,99999.00,99999.00,99999.00,99999.00,99999.00,99999.00,99999.00,99999.00,99999.00,99999.00,99999.00,99999.00,99999.00,99999.00, 810.85, 798.82, 787.80, 777.90, 769.45, 762.11, 755.40, 749.10, 743.14, 737.18, 731.25, 725.77, 720.78, 716.24, 712.08, 708.28, 704.88, 701.79, 699.06, 696.64, 694.55, 692.75, 691.10, 688.84, 685.97, 682.75, 680.74, 681.29, 682.49, 684.85, 687.69, 690.91, 693.95, 696.47, 698.41, 700.53, 703.02, 705.82, 709.01, 712.54, 716.45, 720.72, 725.34, 730.46, 736.02, 742.10, 748.84, 755.61, 763.04, 771.31, 780.53, 791.07, 803.19, 817.19,99999.00,99999.00,99999.00,99999.00,99999.00,99999.00,99999.00,99999.00,99999.00,99999.00,99999.00,99999.00,99999.00,99999.00,99999.00,99999.00,99999.00,99999.00,99999.00,99999.00,99999.00,99999.00,99999.00,99999.00
99999.00,99999.00,99999.00,99999.00,99999.00,99999.00,99999.00,99999.00,99999.00,99999.00,99999.00,99999.00,99999.00,99999.00,99999.00,99999.00,99999.00,99999.00,99999.00,99999.00,99999.00,99999.00,99999.00,99999.00,99999.00,99999.00,99999.00,99999.00,99999.00,99999.00,99999.00,99999.00,99999.00,99999.00,99999.00,99999.00,99999.00,99999.00,99999.00,99999.00,99999.00,99999.00,99999.00,99999.00,99999.00,99999.00,99999.00,99999.00,99999.00,99999.00, 796.98, 782.48, 771.65, 761.55, 752.55, 744.66, 737.35, 730.42, 723.76, 717.67, 711.85, 706.49, 701.58, 697.10, 692.98, 689.18, 685.78, 682.65, 679.86, 677.34, 675.14, 673.20, 671.41, 669.24, 666.62, 663.71, 661.92, 662.57, 663.73, 665.90, 668.46, 671.37, 674.15, 676.57, 678.64, 680.89, 683.47, 686.34, 689.57, 693.11, 697.01, 701.24, 705.80, 710.81, 716.24, 722.15, 728.77, 736.06, 744.26, 753.24, 763.17, 774.34, 786.85, 801.28,99999.00,99999.00,99999.00,99999.00,99999.00,99999.00,99999.00,99999.00,99999.00,99999.00,99999.00,99999.00,99999.00,99999.00,99999.00,99999.00,99999.00,99999.00,99999.00,99999.00,99999.00,99999.00,99999.00,99999.00
99999.00,99999.00,99999.00,99999.00,99999.00,99999.00,99999.00,99999.00,99999.00,99999.00,99999.00,99999.00,99999.00,99999.00,99999.00,99999.00,99999.00,99999.00,99999.00,99999.00,99999.00,99999.00,99999.00,99999.00,99999.00,99999.00,99999.00,99999.00,99999.00,99999.00,99999.00,99999.00,99999.00,99999.00,99999.00,99999.00,99999.00,99999.00,99999.00,99999.00,99999.00,99999.00,99999.00,99999.00,99999.00,99999.00,99999.00,99999.00,99999.00,99999.00, 783.76, 768.87, 755.98, 745.97, 736.66, 728.34, 720.65, 713.33, 706.32, 699.75, 693.95, 688.71, 683.89, 679.48, 675.40, 671.62, 668.20, 665.05, 662.20, 659.61, 657.30, 655.23, 653.32, 651.14, 648.63, 645.88, 644.21, 644.91, 646.03, 648.06, 650.45, 653.19, 655.85, 658.26, 660.45, 662.81, 665.48, 668.41, 671.68, 675.22, 679.10, 683.29, 687.77, 692.67, 697.96, 703.81, 710.64, 718.45, 727.14, 736.57, 747.09, 758.50, 771.33, 786.03,99999.00,99999.00,99999.00,99999.00,99999.00,99999.00,99999.00,99999.00,99999.00,99999.00,99999.00,99999.00,99999.00,99999.00,99999.00,99999.00,99999.00,99999.00,99999.00,99999.00,99999.00,99999.00,99999.00,99999.00
99999.00,99999.00,99999.00,99999.00,99999.00,99999.00,99999.00,99999.00,99999.00,99999.00,99999.00,99999.00,99999.00,99999.00,99999.00,99999.00,99999.00,99999.00,99999.00,99999.00,99999.00,99999.00,99999.00,99999.00,99999.00,99999.00,99999.00,99999.00,99999.00,99999.00,99999.00,99999.00,99999.00,99999.00,99999.00,99999.00,99999.00,99999.00,99999.00,99999.00,99999.00,99999.00,99999.00,99999.00,99999.00,99999.00,99999.00,99999.00,99999.00,99999.00, 771.19, 755.92, 742.70, 731.01, 721.67, 713.05, 705.09, 697.54, 690.32, 683.44, 677.37, 672.13, 667.41, 663.06, 659.03, 655.27, 651.86, 648.68, 645.79, 643.13, 640.73, 638.55, 636.52, 634.30, 631.83, 629.17, 627.56, 628.27, 629.35, 631.28, 633.56, 636.20, 638.81, 641.25, 643.54, 646.00, 648.74, 651.72, 655.01, 658.56, 662.41, 666.54, 670.94, 675.74, 680.89, 687.08, 694.17, 702.35, 711.33, 721.27, 731.87, 743.49, 756.49, 771.36,99999.00,99999.00,99999.00,99999.00,99999.00,99999.00,99999.00,99999.00,99999.00,99999.00,99999.00,99999.00,99999.00,99999.00,99999.00,99999.00,99999.00,99999.00,99999.00,99999.00,99999.00,99999.00,99999.00,99999.00
99999.00,99999.00,99999.00,99999.00,99999.00,99999.00,99999.00,99999.00,99999.00,99999.00,99999.00,99999.00,99999.00,99999.00,99999.00,99999.00,99999.00,99999.00,99999.00,99999.00,99999.00,99999.00,99999.00,99999.00,99999.00,99999.00,99999.00,99999.00,99999.00,99999.00,99999.00,99999.00,99999.00,99999.00,99999.00,99999.00,99999.00,99999.00,99999.00,99999.00,99999.00,99999.00,99999.00,99999.00,99999.00,99999.00,99999.00,99999.00,99999.00,99999.00, 759.26, 743.63, 730.09, 718.13, 707.40, 698.65, 690.53, 682.85, 675.50, 668.51, 662.10, 656.61, 651.92, 647.65, 643.66, 639.93, 636.52, 633.33, 630.41, 627.70, 625.23, 622.95, 620.81, 618.55, 616.08, 613.47, 611.88, 612.59, 613.63, 615.47, 617.68, 620.27, 622.85, 625.33, 627.71, 630.25, 633.05, 636.07, 639.37, 642.91, 646.73, 650.80, 655.12, 659.80, 665.23, 671.59, 679.06, 687.50, 696.86, 706.76, 717.43, 729.13, 742.22, 757.23,99999.00,99999.00,99999.00,99999.00,99999.00,99999.00,99999.00,99999.00,99999.00,99999.00,99999.00,99999.00,99999.00,99999.00,99999.00,99999.00,99999.00,99999.00,99999.00,99999.00,99999.00,99999.00,99999.00,99999.00
99999.00,99999.00,99999.00,99999.00,99999.00,99999.00,99999.00,99999.00,99999.00,99999.00,99999.00,99999.00,99999.00,99999.00,99999.00,99999.00,99999.00,99999.00,99999.00,99999.00,99999.00,99999.00,99999.00,99999.00,99999.00,99999.00,99999.00,99999.00,99999.00,99999.00,99999.00,99999.00,99999.00,99999.00,99999.00,99999.00,99999.00,99999.00,99999.00,99999.00,99999.00,99999.00,99999.00,99999.00,99999.00,99999.00,99999.00,99999.00,99999.00,99999.00, 748.30, 731.99, 718.14, 705.92, 694.97, 685.04, 676.83, 669.08, 661.68, 654.62, 647.98, 642.23, 637.28, 633.09, 629.16, 625.46, 622.06, 618.87, 615.92, 613.17, 610.64, 608.28, 606.06, 603.74, 601.27, 598.68, 597.11, 597.81, 598.80, 600.57, 602.72, 605.27, 607.85, 610.36, 612.82, 615.42, 618.26, 621.30, 624.61, 628.13, 631.91, 635.92, 640.15, 644.93, 650.71, 657.31, 665.07, 673.83, 683.07, 692.96, 703.60, 715.31, 728.48, 743.49,99999.00,99999.00,99999.00,99999.00,99999.00,99999.00,99999.00,99999.00,99999.00,99999.00,99999.00,99999.00,99999.00,99999.00,99999.00,99999.00,99999.00,99999.00,99999.00,99999.00,99999.00,99999.00,99999.00,99999.00
99999.00,99999.00,99999.00,99999.00,99999.00,99999.00,99999.00,99999.00,99999.00,99999.00,99999.00,99999.00,99999.00,99999.00,99999.00,99999.00,99999.00,99999.00,99999.00,99999.00,99999.00,99999.00,99999.00,99999.00,99999.00,99999.00,99999.00,99999.00,99999.00,99999.00,99999.00,99999.00,99999.00,99999.00,99999.00,99999.00,99999.00,99999.00,99999.00,99999.00,99999.00,99999.00,99999.00,99999.00,99999.00,99999.00,99999.00,99999.00,99999.00,99999.00, 737.87, 721.31, 706.81, 694.33, 683.18, 673.10, 663.89, 656.10, 648.69, 641.61, 634.92, 628.84, 623.64, 619.27, 615.40, 611.74, 608.37, 605.17, 602.21, 599.43, 596.85, 594.44, 592.14, 589.79, 587.31, 584.74, 583.17, 583.84, 584.80, 586.50, 588.59, 591.11, 593.69, 596.23, 598.75, 601.40, 604.27, 607.32, 610.62, 614.11, 617.85, 621.79, 626.06, 631.16, 637.10, 644.07, 652.14, 660.74, 669.91, 679.70, 690.26, 701.99, 715.11, 730.04,99999.00,99999.00,99999.00,99999.00,99999.00,99999.00,99999.00,99999.00,99999.00,99999.00,99999.00,99999.00,99999.00,99999.00,99999.00,99999.00,99999.00,99999.00,99999.00,99999.00,99999.00,99999.00,99999.00,99999.00
99999.00,99999.00,99999.00,99999.00,99999.00,99999.00,99999.00,99999.00,99999.00,99999.00,99999.00,99999.00,99999.00,99999.00,99999.00,99999.00,99999.00,99999.00,99999.00,99999.00,99999.00,99999.00,99999.00,99999.00,99999.00,99999.00,99999.00,99999.00,99999.00,99999.00,99999.00,99999.00,99999.00,99999.00,99999.00,99999.00,99999.00,99999.00,99999.00,99999.00,99999.00,99999.00,99999.00,99999.00,99999.00,99999.00,99999.00,99999.00,99999.00,99999.00, 727.79, 711.15, 696.45, 683.36, 671.99, 661.75, 652.43, 643.83, 636.43, 629.36, 622.64, 616.36, 610.91, 606.20, 602.31, 598.70, 595.35, 592.17, 589.21, 586.40, 583.79, 581.33, 578.98, 576.59, 574.11, 571.56, 569.99, 570.64, 571.55, 573.19, 575.23, 577.73, 580.30, 582.86, 585.41, 588.10, 590.98, 594.04, 597.32, 600.78, 604.46, 608.33, 612.84, 618.27, 624.45, 631.70, 639.69, 648.19, 657.22, 666.85, 677.39, 689.02, 702.01, 716.85,99999.00,99999.00,99999.00,99999.00,99999.00,99999.00,99999.00,99999.00,99999.00,99999.00,99999.00,99999.00,99999.00,99999.00,99999.00,99999.00,99999.00,99999.00,99999.00,99999.00,99999.00,99999.00,99999.00,99999.00
99999.00,99999.00,99999.00,99999.00,99999.00,99999.00,99999.00,99999.00,99999.00,99999.00,99999.00,99999.00,99999.00,99999.00,99999.00,99999.00,99999.00,99999.00,99999.00,99999.00,99999.00,99999.00,99999.00,99999.00,99999.00,99999.00,99999.00,99999.00,99999.00,99999.00,99999.00,99999.00,99999.00,99999.00,99999.00,99999.00,99999.00,99999.00,99999.00,99999.00,99999.00,99999.00,99999.00,99999.00,99999.00,99999.00,99999.00,99999.00,99999.00,99999.00, 717.99, 701.33, 686.58, 673.32, 661.38, 650.95, 641.52, 632.89, 624.81, 617.78, 611.07, 604.74, 598.98, 594.02, 589.85, 586.26, 582.95, 579.79, 576.83, 574.02, 571.39, 568.89, 566.50, 564.10, 561.61, 559.08, 557.51, 558.14, 559.01, 560.58, 562.58, 565.04, 567.60, 570.17, 572.75, 575.45, 578.34, 581.39, 584.64, 588.06, 591.68, 595.72, 600.53, 606.12, 612.66, 619.84, 627.71, 636.05, 644.89, 654.41, 664.81, 676.28, 689.15, 703.60,99999.00,99999.00,99999.00,99999.00,99999.00,99999.00,99999.00,99999.00,99999.00,99999.00,99999.00,99999.00,99999.00,99999.00,99999.00,99999.00,99999.00,99999.00,99999.00,99999.00,99999.00,99999.00,99999.00,99999.00
99999.00,99999.00,99999.00,99999.00,99999.00,99999.00,99999.00,99999.00,99999.00,99999.00,99999.00,99999.00,99999.00,99999.00,99999.00,99999.00,99999.00,99999.00,99999.00,99999.00,99999.00,99999.00,99999.00,99999.00,99999.00,99999.00,99999.00,99999.00,99999.00,99999.00,99999.00,99999.00,99999.00,99999.00,99999.00,99999.00,99999.00,99999.00,99999.00,99999.00,99999.00,99999.00,99999.00,99999.00,99999.00,99999.00,99999.00,99999.00,99999.00,99999.00, 708.42, 691.79, 677.05, 663.77, 651.68, 640.71, 631.12, 622.42, 614.36, 606.78, 600.11, 593.76, 587.80, 582.61, 578.10, 574.38, 571.11, 567.97, 565.03, 562.22, 559.58, 557.07, 554.65, 552.24, 549.76, 547.25, 545.68, 546.29, 547.12, 548.62, 550.57, 552.99, 555.54, 558.11, 560.70, 563.40, 566.29, 569.31, 572.54, 575.90, 579.56, 583.83, 588.96, 594.78, 601.22, 608.39, 616.09, 624.22, 632.91, 642.25, 652.47, 663.80, 676.26, 689.95,99999.00,99999.00,99999.00,99999.00,99999.00,99999.00,99999.00,99999.00,99999.00,99999.00,99999.00,99999.00,99999.00,99999.00,99999.00,99999.00,99999.00,99999.00,99999.00,99999.00,99999.00,99999.00,99999.00,99999.00
99999.00,99999.00,99999.00,99999.00,99999.00,99999.00,99999.00,99999.00,99999.00,99999.00,99999.00,99999.00,99999.00,99999.00,99999.00,99999.00,99999.00,99999.00,99999.00,99999.00,99999.00,99999.00,99999.00,99999.00,99999.00,99999.00,99999.00,99999.00,99999.00,99999.00,99999.00,99999.00,99999.00,99999.00,99999.00,99999.00,99999.00,99999.00,99999.00,99999.00,99999.00,99999.00,99999.00,99999.00,99999.00,99999.00,99999.00,99999.00,99999.00,99999.00, 699.10, 682.46, 667.77, 654.52, 642.44, 631.35, 621.24, 612.40, 604.34, 596.80, 589.69, 583.37, 577.36, 571.87, 567.14, 563.13, 559.78, 556.68, 553.76, 550.96, 548.32, 545.80, 543.38, 540.96, 538.50, 536.02, 534.45, 535.05, 535.83, 537.27, 539.16, 541.55, 544.06, 546.62, 549.22, 551.91, 554.78, 557.78, 560.96, 564.33, 568.18, 572.73, 578.01, 583.84, 590.21, 597.29, 604.78, 612.75, 621.21, 630.39, 640.49, 651.48, 663.33, 676.10, 690.02,99999.00,99999.00,99999.00,99999.00,99999.00,99999.00,99999.00,99999.00,99999.00,99999.00,99999.00,99999.00,99999.00,99999.00,99999.00,99999.00,99999.00,99999.00,99999.00,99999.00,99999.00,99999.00,99999.00
99999.00,99999.00,99999.00,99999.00,99999.00,99999.00,99999.00,99999.00,99999.00,99999.00,99999.00,99999.00,99999.00,99999.00,99999.00,99999.00,99999.00,99999.00,99999.00,99999.00,99999.00,99999.00,99999.00,99999.00,99999.00,99999.00,99999.00,99999.00,99999.00,99999.00,99999.00,99999.00,99999.00,99999.00,99999.00,99999.00,99999.00,99999.00,99999.00,99999.00,99999.00,99999.00,99999.00,99999.00,99999.00,99999.00,99999.00,99999.00,99999.00,99999.00, 690.03, 673.38, 658.69, 645.51, 633.48, 622.42, 612.20, 602.86, 594.71, 587.20, 580.15, 573.48, 567.47, 561.79, 556.83, 552.51, 548.93, 545.87, 542.98, 540.21, 537.58, 535.06, 532.63, 530.22, 527.78, 525.34, 523.77, 524.35, 525.11, 526.47, 528.31, 530.65, 533.14, 535.68, 538.26, 540.95, 543.79, 546.75, 549.88, 553.37, 557.43, 562.30, 567.49, 573.22, 579.58, 586.49, 593.84, 601.58, 609.86, 618.97, 628.80, 639.30, 650.46, 662.44, 675.09, 688.49,99999.00,99999.00,99999.00,99999.00,99999.00,99999.00,99999.00,99999.00,99999.00,99999.00,99999.00,99999.00,99999.00,99999.00,99999.00,99999.00,99999.00,99999.00,99999.00,99999.00,99999.00,99999.00
99999.00,99999.00,99999.00,99999.00,99999.00,99999.00,99999.00,99999.00,99999.00,99999.00,99999.00,99999.00,99999.00,99999.00,99999.00,99999.00,99999.00,99999.00,99999.00,99999.00,99999.00,99999.00,99999.00,99999.00,99999.00,99999.00,99999.00,99999.00,99999.00,99999.00,99999.00,99999.00,99999.00,99999.00,99999.00,99999.00,99999.00,99999.00,99999.00,99999.00,99999.00,99999.00,99999.00,99999.00,99999.00,99999.00,99999.00,99999.00,99999.00,99999.00, 681.05, 664.52, 649.84, 636.68, 624.74, 613.75, 603.57, 594.14, 585.49, 577.96, 570.95, 564.34, 558.08, 552.37, 547.11, 542.58, 538.74, 535.51, 532.66, 529.91, 527.31, 524.80, 522.38, 519.99, 517.57, 515.17, 513.62, 514.18, 514.91, 516.20, 517.98, 520.28, 522.73, 525.24, 527.81, 530.47, 533.28, 536.19, 539.41, 543.08, 547.42, 552.14, 557.34, 563.00, 569.28, 576.07, 583.20, 590.74, 598.99, 607.89, 617.32, 627.29, 637.89, 649.00, 660.73, 672.95, 685.47, 698.13, 710.76, 723.60, 736.97, 751.37, 767.12,99999.00,99999.00,99999.00,99999.00,99999.00,99999.00,99999.00,99999.00,99999.00,99999.00,99999.00,99999.00,99999.00,99999.00,99999.00
99999.00,99999.00,99999.00,99999.00,99999.00,99999.00,99999.00,99999.00,99999.00,99999.00,99999.00,99999.00,99999.00,99999.00,99999.00,99999.00,99999.00,99999.00,99999.00,99999.00,99999.00,99999.00,99999.00,99999.00,99999.00,99999.00,99999.00,99999.00,99999.00,99999.00,99999.00,99999.00,99999.00,99999.00,99999.00,99999.00,99999.00,99999.00,99999.00,99999.00,99999.00,99999.00,99999.00,99999.00,99999.00,99999.00,99999.00,99999.00,99999.00,99999.00, 672.28, 655.75, 641.21, 628.07, 616.16, 605.27, 595.17, 585.79, 577.06, 569.07, 562.08, 555.51, 549.31, 543.42, 537.98, 533.23, 529.09, 525.65, 522.77, 520.06, 517.48, 514.99, 512.60, 510.22, 507.84, 505.48, 503.94, 504.49, 505.20, 506.43, 508.14, 510.39, 512.81, 515.29, 517.83, 520.45, 523.23, 526.16, 529.51, 533.38, 537.75, 542.38, 547.48, 553.14, 559.36, 565.95, 572.86, 580.39, 588.49, 597.05, 606.06, 615.61, 625.56, 636.05, 647.01, 658.33, 670.01, 681.91, 693.94, 706.34, 719.50, 733.67, 749.25,99999.00,99999.00,99999.00,99999.00,99999.00,99999.00,99999.00,99999.00,99999.00,99999.00,99999.00,99999.00,99999.00,99999.00,99999.00
99999.00,99999.00,99999.00,99999.00,99999.00,99999.00,99999.00,99999.00,99999.00,99999.00,99999.00,99999.00,99999.00,99999.00,99999.00,99999.00,99999.00,99999.00,99999.00,99999.00,99999.00,99999.00,99999.00,99999.00,99999.00,99999.00,99999.00,99999.00,99999.00,99999.00,99999.00,99999.00,99999.00,99999.00,99999.00,99999.00,99999.00,99999.00,99999.00,99999.00,99999.00,99999.00,99999.00,99999.00,99999.00,99999.00,99999.00,99999.00,99999.00,99999.00, 663.66, 647.17, 632.65, 619.66, 607.78, 596.93, 586.95, 577.65, 568.99, 560.91, 553.51, 546.99, 540.84, 535.01, 529.45, 524.41, 520.07, 516.38, 513.28, 510.61, 508.06, 505.61, 503.24, 500.89, 498.55, 496.24, 494.71, 495.24, 495.96, 497.11, 498.77, 500.97, 503.34, 505.78, 508.29, 510.88, 513.61, 516.70, 520.22, 524.11, 528.32, 532.97, 538.01, 543.61, 549.73, 556.12, 562.99, 570.40, 578.23, 586.44, 595.13, 604.15, 613.66, 623.59, 633.89, 644.61, 655.68, 667.00, 678.58, 690.75, 703.68, 717.66, 733.15,99999.00,99999.00,99999.00,99999.00,99999.00,99999.00,99999.00,99999.00,99999.00,99999.00,99999.00,99999.00,99999.00,99999.00,99999.00
99999.00,99999.00,99999.00,99999.00,99999.00,99999.00,99999.00,99999.00,99999.00,99999.00,99999.00,99999.00,99999.00,99999.00,99999.00,99999.00,99999.00,99999.00,99999.00,99999.00,99999.00,99999.00,99999.00,99999.00,99999.00,99999.00,99999.00,99999.00,99999.00,99999.00,99999.00,99999.00,99999.00,99999.00,99999.00,99999.00,99999.00,99999.00,99999.00,99999.00,99999.00,99999.00,99999.00,99999.00,99999.00,99999.00,99999.00,99999.00,99999.00,99999.00, 655.20, 638.80, 624.27, 611.30, 599.59, 588.78, 578.85, 569.68, 561.10, 553.08, 545.60, 538.75, 532.65, 526.88, 521.39, 516.13, 511.58, 507.60, 504.30, 501.54, 499.04, 496.62, 494.28, 491.98, 489.68, 487.41, 485.90, 486.42, 487.14, 488.24, 489.84, 491.98, 494.30, 496.71, 499.18, 501.73, 504.55, 507.76, 511.22, 515.15, 519.28, 523.84, 528.89, 534.44, 540.39, 546.69, 553.49, 560.67, 568.19, 576.15, 584.40, 593.08, 602.16, 611.59, 621.44, 631.69, 642.24, 653.11, 664.46, 676.38, 689.12, 703.00, 718.33,99999.00,99999.00,99999.00,99999.00,99999.00,99999.00,99999.00,99999.00,99999.00,99999.00,99999.00,99999.00,99999.00,99999.00,99999.00
99999.00,99999.00,99999.00,99999.00,99999.00,99999.00,99999.00,99999.00,99999.00,99999.00,99999.00,99999.00,99999.00,99999.00,99999.00,99999.00,99999.00,99999.00,99999.00,99999.00,99999.00,99999.00,99999.00,99999.00,99999.00,99999.00,99999.00,99999.00,99999.00,99999.00,99999.00,99999.00,99999.00,99999.00,99999.00,99999.00,99999.00,99999.00,99999.00,99999.00,99999.00,99999.00,99999.00,99999.00,99999.00,99999.00,99999.00,99999.00,99999.00,99999.00, 646.82, 630.53, 616.08, 603.12, 591.44, 580.80, 570.92, 561.80, 553.35, 545.43, 538.01, 531.09, 524.73, 519.01, 513.58, 508.39, 503.56, 499.40, 495.87, 492.90, 490.38, 488.01, 485.70, 483.44, 481.19, 478.98, 477.49, 478.00, 478.71, 479.78, 481.32, 483.41, 485.68, 488.04, 490.47, 493.05, 496.02, 499.16, 502.64, 506.40, 510.56, 515.07, 520.08, 525.56, 531.38, 537.63, 544.23, 551.14, 558.46, 566.04, 574.02, 582.36, 591.03, 600.12, 609.60, 619.41, 629.56, 640.19, 651.28, 663.01, 675.63, 689.35, 704.62,99999.00,99999.00,99999.00,99999.00,99999.00,99999.00,99999.00,99999.00,99999.00,99999.00,99999.00,99999.00,99999.00,99999.00,99999.00
99999.00,99999.00,99999.00,99999.00,99999.00,99999.00,99999.00,99999.00,99999.00,99999.00,99999.00,99999.00,99999.00,99999.00,99999.00,99999.00,99999.00,99999.00,99999.00,99999.00,99999.00,99999.00,99999.00,99999.00,99999.00,99999.00,99999.00,99999.00,99999.00,99999.00,99999.00,99999.00,99999.00,99999.00,99999.00,99999.00,99999.00,99999.00,99999.00,99999.00,99999.00,99999.00,99999.00,99999.00,99999.00,99999.00,99999.00,99999.00,99999.00,99999.00, 638.32, 622.25, 607.98, 595.11, 583.45, 572.85, 563.14, 554.07, 545.68, 537.89, 530.57, 523.72, 517.31, 511.38, 506.01, 500.89, 496.04, 491.68, 487.87, 484.71, 482.07, 479.74, 477.49, 475.27, 473.07, 470.92, 469.45, 469.95, 470.66, 471.72, 473.19, 475.23, 477.45, 479.77, 482.17, 484.88, 487.74, 490.83, 494.34, 498.03, 502.11, 506.64, 511.62, 516.96, 522.71, 528.80, 535.16, 541.91, 548.89, 556.25, 563.94, 571.95, 580.35, 589.14, 598.25, 607.70, 617.64, 628.01, 638.90, 650.50, 662.96, 676.60, 691.85,99999.00,99999.00,99999.00,99999.00,99999.00,99999.00,99999.00,99999.00,99999.00,99999.00,99999.00,99999.00,99999.00,99999.00,99999.00
99999.00,99999.00,99999.00,99999.00,99999.00,99999.00,99999.00,99999.00,99999.00,99999.00,99999.00,99999.00,99999.00,99999.00,99999.00,99999.00,99999.00,99999.00,99999.00,99999.00,99999.00,99999.00,99999.00,99999.00,99999.00,99999.00,99999.00,99999.00,99999.00,99999.00,99999.00,99999.00,99999.00,99999.00,99999.00,99999.00,99999.00,99999.00,99999.00,99999.00,99999.00,99999.00,99999.00,99999.00,99999.00,99999.00,99999.00,99999.00,99999.00,99999.00, 629.79, 613.90, 599.87, 587.19, 575.62, 565.04, 555.38, 546.49, 538.16, 530.43, 523.24, 516.48, 510.13, 504.20, 498.67, 493.62, 488.80, 484.39, 480.40, 477.02, 474.19, 471.82, 469.61, 467.44, 465.30, 463.20, 461.76, 462.25, 462.96, 464.03, 465.44, 467.42, 469.59, 471.88, 474.35, 477.00, 479.78, 482.88, 486.24, 489.96, 494.00, 498.50, 503.43, 508.66, 514.27, 520.14, 526.37, 532.82, 539.62, 546.74, 554.15, 561.93, 570.09, 578.55, 587.35, 596.63, 606.32, 616.48, 627.24, 638.67, 651.05, 664.67, 679.90,99999.00,99999.00,99999.00,99999.00,99999.00,99999.00,99999.00,99999.00,99999.00,99999.00,99999.00,99999.00,99999.00,99999.00,99999.00
99999.00,99999.00,99999.00,99999.00,99999.00,99999.00,99999.00,99999.00,99999.00,99999.00,99999.00,99999.00,99999.00,99999.00,99999.00,99999.00,99999.00,99999.00,99999.00,99999.00,99999.00,99999.00,99999.00,99999.00,99999.00,99999.00,99999.00,99999.00,99999.00,99999.00,99999.00,99999.00,99999.00,99999.00,99999.00,99999.00,99999.00,99999.00,99999.00,99999.00,99999.00,99999.00,99999.00,99999.00,99999.00,99999.00,99999.00,99999.00,99999.00,99999.00, 621.10, 605.52, 591.68, 579.24, 567.86, 557.39, 547.75, 538.91, 530.75, 523.09, 515.96, 509.33, 503.08, 497.21, 491.71, 486.56, 481.81, 477.35, 473.38, 469.74, 466.73, 464.22, 462.05, 459.94, 457.85, 455.82, 454.40, 454.88, 455.59, 456.67, 458.05, 459.97, 462.10, 464.40, 466.80, 469.34, 472.07, 475.21, 478.50, 482.14, 486.22, 490.70, 495.43, 500.57, 505.99, 511.75, 517.71, 524.01, 530.60, 537.47, 544.69, 552.28, 560.15, 568.35, 577.00, 586.06, 595.55, 605.57, 616.15, 627.49, 639.84, 653.44, 668.74,99999.00,99999.00,99999.00,99999.00,99999.00,99999.00,99999.00,99999.00,99999.00,99999.00,99999.00,99999.00,99999.00,99999.00,99999.00
99999.00,99999.00,99999.00,99999.00,99999.00,99999.00,99999.00,99999.00,99999.00,99999.00,99999.00,99999.00,99999.00,99999.00,99999.00,99999.00,99999.00,99999.00,99999.00,99999.00,99999.00,99999.00,99999.00,99999.00,99999.00,99999.00,99999.00,99999.00,99999.00,99999.00,99999.00,99999.00,99999.00,99999.00,99999.00,99999.00,99999.00,99999.00,99999.00,99999.00,99999.00,99999.00,99999.00,99999.00,99999.00,99999.00,99999.00,99999.00,99999.00,99999.00, 611.97, 596.99, 583.45, 571.21, 560.08, 549.80, 540.26, 531.45, 523.35, 515.86, 508.80, 502.23, 496.11, 490.34, 484.90, 479.80, 475.02, 470.57, 466.56, 462.95, 459.73, 457.04, 454.79, 452.74, 450.71, 448.75, 447.35, 447.82, 448.54, 449.62, 451.01, 452.87, 455.01, 457.18, 459.52, 461.97, 464.72, 467.71, 471.04, 474.66, 478.71, 483.07, 487.66, 492.63, 497.97, 503.48, 509.31, 515.43, 521.80, 528.51, 535.57, 542.90, 550.54, 558.62, 567.07, 575.94, 585.30, 595.14, 605.62, 616.93, 629.25, 642.91, 658.18,99999.00,99999.00,99999.00,99999.00,99999.00,99999.00,99999.00,99999.00,99999.00,99999.00,99999.00,99999.00,99999.00,99999.00,99999.00
99999.00,99999.00,99999.00,99999.00,99999.00,99999.00,99999.00,99999.00,99999.00,99999.00,99999.00,99999.00,99999.00,99999.00,99999.00,99999.00,99999.00,99999.00,99999.00,99999.00,99999.00,99999.00,99999.00,99999.00,99999.00,99999.00,99999.00,99999.00,99999.00,99999.00,99999.00,99999.00,99999.00,99999.00,99999.00,99999.00,99999.00,99999.00,99999.00,99999.00,99999.00,99999.00,99999.00,99999.00,99999.00,99999.00,99999.00,99999.00,99999.00,99999.00, 602.27, 588.05, 575.09, 563.15, 552.21, 542.18, 532.84, 524.13, 516.06, 508.62, 501.74, 495.23, 489.18, 483.53, 478.19, 473.16, 468.44, 464.02, 459.96, 456.38, 453.09, 450.24, 447.87, 445.83, 443.87, 441.97, 440.60, 441.07, 441.78, 442.87, 444.27, 446.10, 448.11, 450.21, 452.43, 454.84, 457.63, 460.55, 463.81, 467.47, 471.42, 475.57, 480.09, 484.94, 490.04, 495.45, 501.12, 507.04, 513.29, 519.85, 526.69, 533.81, 541.35, 549.25, 557.53, 566.28, 575.46, 585.21, 595.65, 606.92, 619.29, 632.92, 648.30,99999.00,99999.00,99999.00,99999.00,99999.00,99999.00,99999.00,99999.00,99999.00,99999.00,99999.00,99999.00,99999.00,99999.00,99999.00
99999.00,99999.00,99999.00,99999.00,99999.00,99999.00,99999.00,99999.00,99999.00,99999.00,99999.00,99999.00,99999.00,99999.00,99999.00,99999.00,99999.00,99999.00,99999.00,99999.00,99999.00,99999.00,99999.00,99999.00,99999.00,99999.00,99999.00,99999.00,99999.00,99999.00,99999.00,99999.00,99999.00,99999.00,99999.00,99999.00,99999.00,99999.00,99999.00,99999.00,99999.00,99999.00,99999.00,99999.00,99999.00,99999.00,99999.00,99999.00,99999.00, 606.92, 592.33, 578.90, 566.55, 555.10, 544.42, 534.54, 525.43, 516.91, 508.94, 501.52, 494.69, 488.35, 482.36, 476.77, 471.56, 466.62, 461.97, 457.63, 453.61, 449.99, 446.74, 443.86, 441.32, 439.21, 437.31, 435.48, 434.13, 434.59, 435.31, 436.41, 437.82, 439.57, 441.45, 443.48, 445.63, 448.05, 450.70, 453.66, 456.88, 460.41, 464.25, 468.27, 472.65, 477.41, 482.35, 487.62, 493.11, 498.92, 505.04, 511.41, 518.06, 525.10, 532.48, 540.23, 548.40, 556.97, 566.06, 575.76, 586.16, 597.49, 609.82, 623.51, 638.79,99999.00,99999.00,99999.00,99999.00,99999.00,99999.00,99999.00,99999.00,99999.00,99999.00,99999.00,99999.00,99999.00,99999.00,99999.00
99999.00,99999.00,99999.00,99999.00,99999.00,99999.00,99999.00,99999.00,99999.00,99999.00,99999.00,99999.00,99999.00,99999.00,99999.00,99999.00,99999.00,99999.00,99999.00,99999.00,99999.00,99999.00,99999.00,99999.00,99999.00,99999.00,99999.00,99999.00,99999.00,99999.00,99999.00,99999.00,99999.00,99999.00,99999.00,99999.00,99999.00,99999.00,99999.00,99999.00,99999.00,99999.00,99999.00,99999.00,99999.00,99999.00,99999.00,99999.00, 610.01, 595.86, 582.43, 569.80, 557.99, 547.01, 536.73, 527.06, 518.08, 509.76, 501.94, 494.61, 487.79, 481.49, 475.66, 470.13, 464.97, 460.16, 455.60, 451.30, 447.40, 443.81, 440.60, 437.66, 435.13, 432.91, 431.02, 429.26, 427.94, 428.39, 429.10, 430.21, 431.56, 433.24, 435.01, 436.93, 439.03, 441.50, 444.08, 446.91, 450.10, 453.55, 457.18, 461.16, 465.45, 469.95, 474.84, 479.94, 485.35, 491.05, 496.99, 503.19, 509.77, 516.68, 523.92, 531.57, 539.58, 548.06, 557.10, 566.76, 577.21, 588.46, 600.79, 614.37, 629.67,99999.00,99999.00,99999.00,99999.00,99999.00,99999.00,99999.00,99999.00,99999.00,99999.00,99999.00,99999.00,99999.00,99999.00,99999.00
99999.00,99999.00,99999.00,99999.00,99999.00,99999.00,99999.00,99999.00,99999.00,99999.00,99999.00,99999.00,99999.00,99999.00,99999.00,99999.00,99999.00,99999.00,99999.00,99999.00,99999.00,99999.00,99999.00,99999.00,99999.00,99999.00,99999.00,99999.00,99999.00,99999.00,99999.00,99999.00,99999.00,99999.00,99999.00,99999.00,99999.00,99999.00,99999.00, 729.15, 711.21, 694.91, 679.72, 665.40, 651.68, 638.31, 625.06, 611.68, 598.30, 585.25, 572.76, 560.86, 549.60, 539.00, 529.08, 519.74, 510.91, 502.68, 495.04, 487.85, 481.10, 474.80, 469.00, 463.62, 458.51, 453.75, 449.31, 445.09, 441.27, 437.75, 434.59, 431.73, 429.19, 426.96, 425.00, 423.30, 421.99, 422.44, 423.16, 424.19, 425.48, 427.10, 428.80, 430.65, 432.76, 435.05, 437.59, 440.36, 443.44, 446.79, 450.31, 454.17, 458.38, 462.76, 467.48, 472.51, 477.82, 483.36, 489.14, 495.29, 501.75, 508.53, 515.68, 523.18, 531.10, 539.54, 548.54, 558.22, 568.54, 579.77, 591.99, 605.58, 620.87,99999.00,99999.00,99999.00,99999.00,99999.00,99999.00,99999.00,99999.00,99999.00,99999.00,99999.00,99999.00,99999.00,99999.00,99999.00
99999.00,99999.00,99999.00,99999.00,99999.00,99999.00,99999.00,99999.00,99999.00,99999.00,99999.00,99999.00,99999.00,99999.00,99999.00,99999.00,99999.00,99999.00,99999.00,99999.00,99999.00,99999.00,99999.00,99999.00,99999.00,99999.00,99999.00,99999.00,99999.00,99999.00,99999.00,99999.00,99999.00,99999.00,99999.00,99999.00,99999.00,99999.00,99999.00, 714.42, 696.64, 680.42, 665.46, 651.38, 637.99, 625.06, 612.38, 599.79, 587.36, 575.17, 563.41, 552.17, 541.42, 531.21, 521.56, 512.50, 503.95, 495.82, 488.25, 481.21, 474.57, 468.33, 462.51, 457.16, 452.19, 447.47, 443.07, 438.99, 435.21, 431.79, 428.66, 425.89, 423.36, 421.20, 419.28, 417.60, 416.29, 416.74, 417.38, 418.35, 419.57, 421.13, 422.75, 424.51, 426.60, 428.78, 431.20, 433.96, 436.96, 440.12, 443.62, 447.40, 451.37, 455.71, 460.34, 465.29, 470.45, 475.84, 481.59, 487.63, 493.97, 500.68, 507.69, 515.10, 522.99, 531.35, 540.33, 549.86, 560.16, 571.27, 583.51, 597.08, 612.31,99999.00,99999.00,99999.00,99999.00,99999.00,99999.00,99999.00,99999.00,99999.00,99999.00,99999.00,99999.00,99999.00,99999.00,99999.00
99999.00,99999.00,99999.00,99999.00,99999.00,99999.00,99999.00,99999.00,99999.00,99999.00,99999.00,99999.00,99999.00,99999.00,99999.00,99999.00,99999.00,99999.00,99999.00,99999.00,99999.00,99999.00,99999.00,99999.00,99999.00,99999.00,99999.00,99999.00,99999.00,99999.00,99999.00,99999.00,99999.00,99999.00,99999.00,99999.00,99999.00,99999.00,99999.00, 701.27, 683.65, 667.59, 652.72, 638.87, 625.72, 613.12, 600.87, 588.83, 577.03, 565.55, 554.38, 543.64, 533.40, 523.59, 514.26, 505.42, 497.08, 489.19, 481.69, 474.68, 468.17, 462.04, 456.26, 450.87, 445.92, 441.34, 436.97, 432.96, 429.25, 425.92, 422.85, 420.13, 417.68, 415.52, 413.68, 412.09, 410.79, 411.18, 411.76, 412.64, 413.77, 415.25, 416.81, 418.57, 420.48, 422.63, 425.00, 427.66, 430.57, 433.64, 437.03, 440.74, 444.61, 448.80, 453.41, 458.21, 463.24, 468.62, 474.26, 480.20, 486.47, 493.02, 499.93, 507.28, 515.07, 523.41, 532.24, 541.75, 551.93, 563.06, 575.29, 588.80, 603.89,99999.00,99999.00,99999.00,99999.00,99999.00,99999.00,99999.00,99999.00,99999.00,99999.00,99999.00,99999.00,99999.00,99999.00,99999.00
99999.00,99999.00,99999.00,99999.00,99999.00,99999.00,99999.00,99999.00,99999.00,99999.00,99999.00,99999.00,99999.00,99999.00,99999.00,99999.00,99999.00,99999.00,99999.00,99999.00,99999.00,99999.00,99999.00,99999.00,99999.00,99999.00,99999.00,99999.00,99999.00,99999.00,99999.00,99999.00,99999.00,99999.00,99999.00,99999.00,99999.00,99999.00,99999.00, 689.39, 671.83, 655.92, 641.21, 627.45, 614.53, 602.17, 590.25, 578.63, 567.30, 556.30, 545.66, 535.36, 525.48, 516.07, 507.05, 498.44, 490.29, 482.59, 475.29, 468.34, 461.84, 455.82, 450.13, 444.77, 439.77, 435.19, 430.96, 427.00, 423.42, 420.11, 417.15, 414.44, 412.07, 409.94, 408.15, 406.60, 405.30, 405.62, 406.13, 406.94, 408.00, 409.39, 410.96, 412.71, 414.53, 416.57, 418.93, 421.53, 424.26, 427.32, 430.64, 434.14, 437.98, 442.13, 446.55, 451.23, 456.25, 461.52, 467.06, 472.92, 479.03, 485.49, 492.35, 499.61, 507.38, 515.58, 524.39, 533.78, 543.98, 555.09, 567.26, 580.63, 595.69,99999.00,99999.00,99999.00,99999.00,99999.00,99999.00,99999.00,99999.00,99999.00,99999.00,99999.00,99999.00,99999.00,99999.00,99999.00
99999.00,99999.00,99999.00,99999.00,99999.00,99999.00,99999.00,99999.00,99999.00,99999.00,99999.00,99999.00,99999.00,99999.00,99999.00,99999.00,99999.00,99999.00,99999.00,99999.00,99999.00,99999.00,99999.00,99999.00,99999.00,99999.00,99999.00,99999.00,99999.00,99999.00,99999.00,99999.00,99999.00,99999.00,99999.00,99999.00,99999.00,99999.00,99999.00, 678.44, 661.00, 645.14, 630.59, 616.99, 604.15, 592.03, 580.35, 569.05, 558.09, 547.46, 537.20, 527.33, 517.78, 508.64, 499.93, 491.57, 483.60, 476.04, 468.89, 462.12, 455.65, 449.62, 444.02, 438.74, 433.76, 429.12, 424.92, 421.08, 417.56, 414.32, 411.43, 408.78, 406.46, 404.39, 402.61, 401.11, 399.82, 400.07, 400.50, 401.24, 402.23, 403.54, 405.11, 406.81, 408.60, 410.60, 412.87, 415.39, 418.04, 421.00, 424.27, 427.67, 431.38, 435.48, 439.78, 444.40, 449.32, 454.49, 459.97, 465.68, 471.71, 478.11, 484.89, 492.14, 499.77, 507.96, 516.65, 526.06, 536.25, 547.30, 559.32, 572.67, 587.63,99999.00,99999.00,99999.00,99999.00,99999.00,99999.00,99999.00,99999.00,99999.00,99999.00,99999.00,99999.00,99999.00,99999.00,99999.00
99999.00,99999.00,99999.00,99999.00,99999.00,99999.00,99999.00,99999.00,99999.00,99999.00,99999.00,99999.00,99999.00,99999.00,99999.00,99999.00,99999.00,99999.00,99999.00,99999.00,99999.00,99999.00,99999.00,99999.00,99999.00,99999.00,99999.00,99999.00,99999.00,99999.00,99999.00,99999.00,99999.00,99999.00,99999.00,99999.00,99999.00,99999.00,99999.00, 668.20, 650.91, 635.18, 620.67, 607.23, 594.55, 582.51, 571.07, 560.01, 549.33, 539.02, 529.06, 519.48, 510.28, 501.39, 492.88, 484.79, 477.01, 469.59, 462.55, 455.90, 449.59, 443.56, 437.94, 432.74, 427.82, 423.19, 418.89, 415.17, 411.69, 408.57, 405.69, 403.14, 400.83, 398.84, 397.07, 395.62, 394.33, 394.51, 394.88, 395.55, 396.45, 397.69, 399.25, 400.87, 402.66, 404.66, 406.88, 409.23, 411.88, 414.78, 417.85, 421.23, 424.92, 428.85, 433.02, 437.62, 442.45, 447.57, 452.90, 458.54, 464.52, 470.85, 477.62, 484.74, 492.36, 500.43, 509.15, 518.54, 528.67, 539.58, 551.57, 564.92, 579.77,99999.00,99999.00,99999.00,99999.00,99999.00,99999.00,99999.00,99999.00,99999.00,99999.00,99999.00,99999.00,99999.00,99999.00,99999.00
99999.00,99999.00,99999.00,99999.00,99999.00,99999.00,99999.00,99999.00,99999.00,99999.00,99999.00,99999.00,99999.00,99999.00,99999.00,99999.00,99999.00,99999.00,99999.00,99999.00,99999.00,99999.00,99999.00,99999.00,99999.00,99999.00,99999.00,99999.00,99999.00,99999.00,99999.00,99999.00,99999.00,99999.00,99999.00,99999.00,99999.00,99999.00,99999.00, 658.34, 641.39, 625.81, 611.43, 598.03, 585.51, 573.63, 562.27, 551.44, 540.98, 530.92, 521.22, 511.88, 502.91, 494.31, 486.01, 478.06, 470.51, 463.25, 456.32, 449.75, 443.54, 437.65, 432.01, 426.77, 421.92, 417.34, 413.04, 409.24, 405.86, 402.80, 399.98, 397.50, 395.24, 393.29, 391.58, 390.14, 388.84, 388.96, 389.25, 389.85, 390.68, 391.84, 393.35, 394.94, 396.73, 398.73, 400.88, 403.15, 405.71, 408.58, 411.56, 414.82, 418.47, 422.29, 426.41, 430.89, 435.68, 440.66, 445.93, 451.53, 457.44, 463.77, 470.42, 477.53, 485.04, 493.13, 501.83, 511.16, 521.15, 532.04, 544.03, 557.42, 572.15,99999.00,99999.00,99999.00,99999.00,99999.00,99999.00,99999.00,99999.00,99999.00,99999.00,99999.00,99999.00,99999.00,99999.00,99999.00
99999.00,99999.00,99999.00,99999.00,99999.00,99999.00,99999.00,99999.00,99999.00,99999.00,99999.00,99999.00,99999.00,99999.00,99999.00,99999.00,99999.00,99999.00,99999.00,99999.00,99999.00,99999.00,99999.00,99999.00,99999.00,99999.00,99999.00,99999.00,99999.00,99999.00,99999.00,99999.00,99999.00,99999.00,99999.00,99999.00,99999.00,99999.00,99999.00, 648.89, 632.20, 616.91, 602.67, 589.40, 576.93, 565.20, 554.00, 543.25, 533.01, 523.13, 513.65, 504.52, 495.75, 487.33, 479.27, 471.50, 464.06, 456.99, 450.19, 443.71, 437.55, 431.74, 426.23, 420.96, 416.06, 411.54, 407.28, 403.32, 400.06, 397.01, 394.31, 391.84, 389.67, 387.73, 386.09, 384.65, 383.35, 383.40, 383.63, 384.15, 384.90, 385.99, 387.41, 389.00, 390.80, 392.79, 394.86, 397.13, 399.65, 402.32, 405.29, 408.55, 412.03, 415.74, 419.85, 424.27, 428.92, 433.84, 439.08, 444.61, 450.53, 456.74, 463.38, 470.38, 477.92, 486.00, 494.64, 503.83, 513.79, 524.68, 536.71, 550.00, 564.72,99999.00,99999.00,99999.00,99999.00,99999.00,99999.00,99999.00,99999.00,99999.00,99999.00,99999.00,99999.00,99999.00,99999.00,99999.00
99999.00,99999.00,99999.00,99999.00,99999.00,99999.00,99999.00,99999.00,99999.00,99999.00,99999.00,99999.00,99999.00,99999.00,99999.00,99999.00,99999.00,99999.00,99999.00,99999.00,99999.00,99999.00,99999.00,99999.00,99999.00,99999.00,99999.00,99999.00,99999.00,99999.00,99999.00,99999.00,99999.00,99999.00,99999.00,99999.00,99999.00,99999.00,99999.00, 639.85, 623.37, 608.30, 594.32, 581.17, 568.82, 557.15, 546.11, 535.52, 525.34, 515.66, 506.34, 497.39, 488.79, 480.54, 472.63, 465.06, 457.76, 450.77, 444.14, 437.77, 431.68, 425.91, 420.46, 415.30, 410.36, 405.78, 401.56, 397.59, 394.24, 391.29, 388.64, 386.22, 384.10, 382.21, 380.60, 379.16, 377.86, 377.85, 378.00, 378.45, 379.13, 380.13, 381.48, 383.07, 384.86, 386.79, 388.84, 391.12, 393.60, 396.19, 399.05, 402.28, 405.66, 409.33, 413.34, 417.64, 422.23, 427.13, 432.31, 437.85, 443.66, 449.87, 456.41, 463.44, 470.96, 478.98, 487.49, 496.65, 506.61, 517.54, 529.56, 542.75, 557.49,99999.00,99999.00,99999.00,99999.00,99999.00,99999.00,99999.00,99999.00,99999.00,99999.00,99999.00,99999.00,99999.00,99999.00,99999.00
99999.00,99999.00,99999.00,99999.00,99999.00,99999.00,99999.00,99999.00,99999.00,99999.00,99999.00,99999.00,99999.00,99999.00,99999.00,99999.00,99999.00,99999.00,99999.00,99999.00,99999.00,99999.00,99999.00,99999.00,99999.00,99999.00,99999.00,99999.00,99999.00,99999.00,99999.00,99999.00,99999.00,99999.00,99999.00,99999.00,99999.00,99999.00,99999.00, 631.23, 614.90, 600.00, 586.22, 573.30, 561.06, 549.51, 538.52, 528.09, 518.06, 508.44, 499.28, 490.47, 482.03, 473.92, 466.14, 458.69, 451.57, 444.70, 438.13, 431.90, 425.91, 420.18, 414.76, 409.66, 404.82, 400.19, 395.90, 391.97, 388.44, 385.59, 382.95, 380.64, 378.53, 376.72, 375.12, 373.67, 372.37, 372.29, 372.38, 372.75, 373.36, 374.28, 375.54, 377.14, 378.93, 380.77, 382.82, 385.10, 387.49, 390.09, 392.94, 396.01, 399.29, 402.96, 406.91, 411.08, 415.66, 420.50, 425.69, 431.13, 436.94, 443.05, 449.62, 456.64, 464.11, 472.00, 480.47, 489.63, 499.64, 510.55, 522.59, 535.69, 550.37,99999.00,99999.00,99999.00,99999.00,99999.00,99999.00,99999.00,99999.00,99999.00,99999.00,99999.00,99999.00,99999.00,99999.00,99999.00
99999.00,99999.00,99999.00,99999.00,99999.00,99999.00,99999.00,99999.00,99999.00,99999.00,99999.00,99999.00,99999.00,99999.00,99999.00,99999.00,99999.00,99999.00,99999.00,99999.00,99999.00,99999.00,99999.00,99999.00,99999.00,99999.00,99999.00,99999.00,99999.00,99999.00,99999.00,99999.00,99999.00,99999.00,99999.00,99999.00,99999.00,99999.00,99999.00, 623.01, 606.80, 592.04, 578.40, 565.65, 553.62, 542.16, 531.30, 520.91, 511.04, 501.55, 492.44, 483.78, 475.45, 467.47, 459.82, 452.47, 445.45, 438.74, 432.26, 426.07, 420.20, 414.56, 409.18, 404.08, 399.28, 394.74, 390.39, 386.38, 382.83, 379.89, 377.33, 375.06, 373.00, 371.23, 369.63, 368.18, 366.89, 366.74, 366.75, 367.06, 367.58, 368.43, 369.61, 371.20, 372.92, 374.75, 376.80, 379.05, 381.39, 383.98, 386.84, 389.81, 393.06, 396.63, 400.48, 404.62, 409.15, 414.02, 419.11, 424.54, 430.26, 436.40, 442.97, 449.94, 457.27, 465.13, 473.61, 482.81, 492.80, 503.74, 515.71, 528.73, 543.33,99999.00,99999.00,99999.00,99999.00,99999.00,99999.00,99999.00,99999.00,99999.00,99999.00,99999.00,99999.00,99999.00,99999.00,99999.00
99999.00,99999.00,99999.00,99999.00,99999.00,99999.00,99999.00,99999.00,99999.00,99999.00,99999.00,99999.00,99999.00,99999.00,99999.00,99999.00,99999.00,99999.00,99999.00,99999.00,99999.00,99999.00,99999.00,99999.00,99999.00,99999.00,99999.00,99999.00,99999.00,99999.00,99999.00,99999.00,99999.00,99999.00,99999.00,99999.00,99999.00,99999.00,99999.00, 615.18, 599.06, 584.40, 570.89, 558.27, 546.38, 535.10, 524.32, 514.06, 504.23, 494.88, 485.89, 477.26, 469.06, 461.18, 453.63, 446.40, 439.46, 432.83, 426.49, 420.38, 414.54, 409.01, 403.69, 398.62, 393.82, 389.31, 385.05, 380.97, 377.34, 374.20, 371.74, 369.47, 367.51, 365.74, 364.14, 362.69, 361.40, 361.18, 361.13, 361.36, 361.81, 362.58, 363.68, 365.27, 366.91, 368.73, 370.78, 372.94, 375.28, 377.87, 380.66, 383.61, 386.86, 390.38, 394.10, 398.24, 402.79, 407.56, 412.65, 418.00, 423.75, 429.90, 436.41, 443.24, 450.55, 458.42, 466.93, 476.13, 486.13, 497.00, 508.90, 521.92, 536.45,99999.00,99999.00,99999.00,99999.00,99999.00,99999.00,99999.00,99999.00,99999.00,99999.00,99999.00,99999.00,99999.00,99999.00,99999.00
99999.00,99999.00,99999.00,99999.00,99999.00,99999.00,99999.00,99999.00,99999.00,99999.00,99999.00,99999.00,99999.00,99999.00,99999.00,99999.00,99999.00,99999.00,99999.00,99999.00,99999.00,99999.00,99999.00,99999.00,99999.00,99999.00,99999.00,99999.00,99999.00,99999.00,99999.00,99999.00,99999.00,99999.00,99999.00,99999.00,99999.00,99999.00,99999.00, 607.70, 591.66, 577.09, 563.67, 551.16, 539.40, 528.24, 517.61, 507.41, 497.71, 488.39, 479.54, 471.02, 462.83, 455.06, 447.59, 440.45, 433.60, 427.04, 420.77, 414.78, 409.00, 403.49, 398.27, 393.26, 388.47, 383.96, 379.72, 375.71, 371.88, 368.72, 366.15, 363.95, 362.02, 360.25, 358.65, 357.21, 355.91, 355.62, 355.50, 355.66, 356.04, 356.73, 357.74, 359.27, 360.89, 362.71, 364.73, 366.83, 369.17, 371.76, 374.45, 377.41, 380.66, 384.12, 387.82, 391.99, 396.45, 401.22, 406.23, 411.62, 417.37, 423.47, 429.85, 436.66, 443.97, 451.88, 460.38, 469.60, 479.54, 490.42, 502.24, 515.31, 529.80,99999.00,99999.00,99999.00,99999.00,99999.00,99999.00,99999.00,99999.00,99999.00,99999.00,99999.00,99999.00,99999.00,99999.00,99999.00
99999.00,99999.00,99999.00,99999.00,99999.00,99999.00,99999.00,99999.00,99999.00,99999.00,99999.00,99999.00,99999.00,99999.00,99999.00,99999.00,99999.00,99999.00,99999.00,99999.00,99999.00,99999.00,99999.00,99999.00,99999.00,99999.00,99999.00,99999.00,99999.00,99999.00,99999.00,99999.00,99999.00,99999.00,99999.00,99999.00,99999.00,99999.00,99999.00, 600.51, 584.57, 570.09, 556.75, 544.33, 532.66, 521.62, 511.10, 501.04, 491.36, 482.17, 473.34, 464.94, 456.85, 449.08, 441.71, 434.63, 427.86, 421.37, 415.16, 409.22, 403.57, 398.10, 392.89, 387.96, 383.23, 378.71, 374.46, 370.47, 366.70, 363.35, 360.57, 358.46, 356.53, 354.77, 353.16, 351.72, 350.42, 350.07, 349.88, 349.96, 350.26, 350.87, 351.81, 353.25, 354.87, 356.70, 358.62, 360.72, 363.06, 365.58, 368.25, 371.21, 374.41, 377.79, 381.57, 385.77, 390.17, 394.90, 399.96, 405.36, 411.06, 417.03, 423.39, 430.21, 437.57, 445.46, 453.98, 463.13, 473.08, 484.01, 495.80, 508.83, 523.41,99999.00,99999.00,99999.00,99999.00,99999.00,99999.00,99999.00,99999.00,99999.00,99999.00,99999.00,99999.00,99999.00,99999.00,99999.00
99999.00,99999.00,99999.00,99999.00,99999.00,99999.00,99999.00,99999.00,99999.00,99999.00,99999.00,99999.00,99999.00,99999.00,99999.00,99999.00,99999.00,99999.00,99999.00,99999.00,99999.00,99999.00,99999.00,99999.00,99999.00,99999.00,99999.00,99999.00,99999.00,99999.00,99999.00,99999.00,99999.00,99999.00,99999.00,99999.00,99999.00,99999.00,99999.00, 593.60, 577.73, 563.34, 550.11, 537.76, 526.18, 515.22, 504.81, 494.85, 485.29, 476.09, 467.37, 458.99, 451.01, 443.33, 435.95, 428.96, 422.24, 415.82, 409.67, 403.78, 398.16, 392.80, 387.63, 382.70, 378.04, 373.57, 369.31, 365.30, 361.54, 358.00, 355.20, 352.98, 351.04, 349.28, 347.68, 346.23, 344.93, 344.51, 344.25, 344.26, 344.49, 345.02, 345.87, 347.23, 348.85, 350.65, 352.51, 354.61, 356.95, 359.38, 362.05, 365.00, 368.15, 371.52, 375.32, 379.40, 383.86, 388.64, 393.73, 399.11, 404.72, 410.69, 417.06, 423.92, 431.27, 439.18, 447.64, 456.80, 466.83, 477.73, 489.60, 502.64, 517.31,99999.00,99999.00,99999.00,99999.00,99999.00,99999.00,99999.00,99999.00,99999.00,99999.00,99999.00,99999.00,99999.00,99999.00,99999.00
99999.00,99999.00,99999.00,99999.00,99999.00,99999.00,99999.00,99999.00,99999.00,99999.00,99999.00,99999.00,99999.00,99999.00,99999.00,99999.00,99999.00,99999.00,99999.00,99999.00,99999.00,99999.00,99999.00,99999.00,99999.00,99999.00,99999.00,99999.00,99999.00,99999.00,99999.00,99999.00,99999.00,99999.00,99999.00,99999.00,99999.00,99999.00,99999.00, 586.98, 571.16, 556.83, 543.66, 531.42, 519.93, 509.06, 498.72, 488.85, 479.39, 470.30, 461.53, 453.25, 445.29, 437.71, 430.41, 423.39, 416.76, 410.37, 404.27, 398.44, 392.85, 387.53, 382.45, 377.55, 372.89, 368.49, 364.26, 360.24, 356.46, 352.98, 349.95, 347.49, 345.55, 343.79, 342.19, 340.74, 339.45, 338.96, 338.63, 338.57, 338.72, 339.17, 339.94, 341.21, 342.83, 344.54, 346.41, 348.50, 350.77, 353.18, 355.85, 358.75, 361.82, 365.26, 369.11, 373.12, 377.59, 382.41, 387.49, 392.77, 398.38, 404.36, 410.79, 417.66, 425.04, 432.90, 441.37, 450.61, 460.74, 471.63, 483.60, 496.64, 511.31,99999.00,99999.00,99999.00,99999.00,99999.00,99999.00,99999.00,99999.00,99999.00,99999.00,99999.00,99999.00,99999.00,99999.00,99999.00
99999.00,99999.00,99999.00,99999.00,99999.00,99999.00,99999.00,99999.00,99999.00,99999.00,99999.00,99999.00,99999.00,99999.00,99999.00,99999.00,99999.00,99999.00,99999.00,99999.00,99999.00,99999.00,99999.00,99999.00,99999.00,99999.00,99999.00,99999.00,99999.00,99999.00,99999.00,99999.00,99999.00,99999.00,99999.00,99999.00,99999.00,99999.00,99999.00, 580.59, 564.85, 550.58, 537.46, 525.28, 513.86, 503.08, 492.85, 483.06, 473.68, 464.67, 456.00, 447.64, 439.77, 432.19, 424.99, 418.04, 411.37, 405.06, 398.99, 393.20, 387.66, 382.35, 377.30, 372.49, 367.85, 363.44, 359.27, 355.28, 351.48, 347.92, 344.72, 342.11, 340.07, 338.30, 336.70, 335.25, 333.96, 333.40, 333.00, 332.87, 332.94, 333.32, 334.01, 335.19, 336.78, 338.43, 340.30, 342.40, 344.57, 346.97, 349.65, 352.49, 355.54, 359.01, 362.73, 366.81, 371.37, 376.16, 381.14, 386.43, 392.05, 398.09, 404.53, 411.43, 418.76, 426.63, 435.18, 444.51, 454.73, 465.63, 477.60, 490.75, 505.42,99999.00,99999.00,99999.00,99999.00,99999.00,99999.00,99999.00,99999.00,99999.00,99999.00,99999.00,99999.00,99999.00,99999.00,99999.00
99999.00,99999.00,99999.00,99999.00,99999.00,99999.00,99999.00,99999.00,99999.00,99999.00,99999.00,99999.00,99999.00,99999.00,99999.00,99999.00,99999.00,99999.00,99999.00,99999.00,99999.00,99999.00,99999.00,99999.00,99999.00,99999.00,99999.00,99999.00,99999.00,99999.00,99999.00,99999.00,99999.00,99999.00,99999.00,99999.00,99999.00,99999.00,99999.00, 574.61, 558.81, 544.53, 531.49, 519.37, 508.00, 497.28, 487.11, 477.42, 468.15, 459.21, 450.62, 442.34, 434.35, 426.86, 419.65, 412.79, 406.18, 399.83, 393.82, 388.05, 382.55, 377.29, 372.25, 367.46, 362.90, 358.50, 354.32, 350.38, 346.61, 342.97, 339.71, 336.86, 334.58, 332.81, 331.21, 329.76, 328.47, 327.85, 327.37, 327.17, 327.17, 327.46, 328.07, 329.17, 330.67, 332.32, 334.19, 336.22, 338.37, 340.77, 343.40, 346.16, 349.29, 352.80, 356.46, 360.58, 365.12, 369.82, 374.81, 380.10, 385.78, 391.83, 398.30, 405.15, 412.49, 420.44, 429.08, 438.51, 448.73, 459.74, 471.71, 484.79, 499.46,99999.00,99999.00,99999.00,99999.00,99999.00,99999.00,99999.00,99999.00,99999.00,99999.00,99999.00,99999.00,99999.00,99999.00,99999.00
99999.00,99999.00,99999.00,99999.00,99999.00,99999.00,99999.00,99999.00,99999.00,99999.00,99999.00,99999.00,99999.00,99999.00,99999.00,99999.00,99999.00,99999.00,99999.00,99999.00,99999.00,99999.00,99999.00,99999.00,99999.00,99999.00,99999.00,99999.00,99999.00,99999.00,99999.00,99999.00,99999.00,99999.00,99999.00,99999.00,99999.00,99999.00,99999.00, 568.87, 553.13, 538.87, 525.77, 513.64, 502.35, 491.70, 481.58, 471.94, 462.73, 453.89, 445.40, 437.19, 429.27, 421.62, 414.50, 407.62, 401.09, 394.79, 388.74, 383.03, 377.54, 372.30, 367.30, 362.52, 357.97, 353.64, 349.47, 345.51, 341.74, 338.09, 334.65, 331.63, 329.20, 327.33, 325.72, 324.28, 322.98, 322.29, 321.75, 321.47, 321.40, 321.61, 322.14, 323.15, 324.56, 326.21, 328.08, 330.01, 332.17, 334.57, 337.13, 339.89, 343.04, 346.42, 350.14, 354.34, 358.78, 363.48, 368.47, 373.83, 379.52, 385.60, 392.02, 398.88, 406.30, 414.34, 423.08, 432.62, 442.84, 453.78, 465.75, 478.82, 493.49,99999.00,99999.00,99999.00,99999.00,99999.00,99999.00,99999.00,99999.00,99999.00,99999.00,99999.00,99999.00,99999.00,99999.00,99999.00
99999.00,99999.00,99999.00,99999.00,99999.00,99999.00,99999.00,99999.00,99999.00,99999.00,99999.00,99999.00,99999.00,99999.00,99999.00,99999.00,99999.00,99999.00,99999.00,99999.00,99999.00,99999.00,99999.00,99999.00,99999.00,99999.00,99999.00,99999.00,99999.00,99999.00,99999.00,99999.00,99999.00,99999.00,99999.00,99999.00,99999.00,99999.00,99999.00, 563.39, 547.66, 533.43, 520.39, 508.27, 496.93, 486.26, 476.22, 466.65, 457.49, 448.71, 440.28, 432.16, 424.34, 416.75, 409.42, 402.63, 396.08, 389.85, 383.84, 378.07, 372.64, 367.41, 362.43, 357.67, 353.13, 348.81, 344.71, 340.70, 336.87, 333.23, 329.70, 326.62, 323.95, 321.84, 320.23, 318.79, 317.49, 316.74, 316.12, 315.77, 315.62, 315.76, 316.21, 317.13, 318.45, 320.10, 321.90, 323.81, 325.96, 328.32, 330.81, 333.63, 336.83, 340.15, 343.92, 348.09, 352.44, 357.15, 362.21, 367.57, 373.29, 379.32, 385.75, 392.69, 400.20, 408.34, 417.19, 426.66, 436.88, 447.81, 459.78, 472.96, 487.64,99999.00,99999.00,99999.00,99999.00,99999.00,99999.00,99999.00,99999.00,99999.00,99999.00,99999.00,99999.00,99999.00,99999.00,99999.00
99999.00,99999.00,99999.00,99999.00,99999.00,99999.00,99999.00,99999.00,99999.00,99999.00,99999.00,99999.00,99999.00,99999.00,99999.00,99999.00,99999.00,99999.00,99999.00,99999.00,99999.00,99999.00,99999.00,99999.00,99999.00,99999.00,99999.00,99999.00,99999.00,99999.00,99999.00,99999.00,99999.00,99999.00,99999.00,99999.00,99999.00,99999.00,99999.00, 558.11, 542.50, 528.26, 515.20, 503.11, 491.82, 481.17, 471.08, 461.49, 452.41, 443.70, 435.31, 427.25, 419.48, 411.98, 404.74, 397.70, 391.22, 384.97, 379.04, 373.31, 367.80, 362.62, 357.65, 352.91, 348.38, 344.06, 339.90, 335.94, 332.06, 328.36, 324.84, 321.56, 318.72, 316.46, 314.75, 313.30, 312.00, 311.18, 310.50, 310.08, 309.85, 309.91, 310.27, 311.11, 312.34, 313.99, 315.70, 317.61, 319.76, 322.06, 324.53, 327.38, 330.45, 333.84, 337.67, 341.73, 346.11, 350.88, 355.94, 361.34, 367.01, 373.05, 379.56, 386.59, 394.19, 402.45, 411.23, 420.70, 430.92, 441.96, 453.93, 467.19, 481.89,99999.00,99999.00,99999.00,99999.00,99999.00,99999.00,99999.00,99999.00,99999.00,99999.00,99999.00,99999.00,99999.00,99999.00,99999.00
99999.00,99999.00,99999.00,99999.00,99999.00,99999.00,99999.00,99999.00,99999.00,99999.00,99999.00,99999.00,99999.00,99999.00,99999.00,99999.00,99999.00,99999.00,99999.00,99999.00,99999.00,99999.00,99999.00,99999.00,99999.00,99999.00,99999.00,99999.00,99999.00,99999.00,99999.00,99999.00,99999.00,99999.00,99999.00,99999.00,99999.00,99999.00,99999.00, 553.11, 537.62, 523.36, 510.30, 498.20, 486.89, 476.27, 466.23, 456.67, 447.53, 438.80, 430.49, 422.49, 414.76, 407.31, 400.11, 393.16, 386.43, 380.25, 374.28, 368.62, 363.15, 357.90, 352.97, 348.22, 343.70, 339.33, 335.15, 331.13, 327.30, 323.55, 319.97, 316.62, 313.71, 311.21, 309.26, 307.81, 306.52, 305.62, 304.87, 304.38, 304.08, 304.06, 304.34, 305.09, 306.24, 307.81, 309.50, 311.41, 313.51, 315.73, 318.28, 321.17, 324.18, 327.61, 331.42, 335.39, 339.84, 344.62, 349.72, 355.05, 360.74, 366.86, 373.46, 380.59, 388.31, 396.49, 405.27, 414.84, 425.06, 436.18, 448.18, 461.44, 476.30,99999.00,99999.00,99999.00,99999.00,99999.00,99999.00,99999.00,99999.00,99999.00,99999.00,99999.00,99999.00,99999.00,99999.00,99999.00
99999.00,99999.00,99999.00,99999.00,99999.00,99999.00,99999.00,99999.00,99999.00,99999.00,99999.00,99999.00,99999.00,99999.00,99999.00,99999.00,99999.00,99999.00,99999.00,99999.00,99999.00,99999.00,99999.00,99999.00,99999.00,99999.00,99999.00,99999.00,99999.00,99999.00,99999.00,99999.00,99999.00,99999.00,99999.00,99999.00,99999.00,99999.00,99999.00, 548.33, 532.94, 518.75, 505.66, 493.55, 482.24, 471.61, 461.55, 452.01, 442.93, 434.22, 425.85, 417.83, 410.17, 402.78, 395.62, 388.71, 382.02, 375.59, 369.68, 363.99, 358.58, 353.36, 348.35, 343.60, 339.02, 334.65, 330.42, 326.38, 322.49, 318.79, 315.16, 311.75, 308.65, 305.98, 303.88, 302.32, 301.03, 300.07, 299.25, 298.68, 298.30, 298.20, 298.40, 299.07, 300.13, 301.61, 303.30, 305.21, 307.25, 309.46, 312.03, 314.79, 317.86, 321.36, 325.06, 329.06, 333.58, 338.39, 343.43, 348.79, 354.55, 360.76, 367.46, 374.70, 382.35, 390.52, 399.41, 409.06, 419.31, 430.43, 442.59, 455.86, 470.80,99999.00,99999.00,99999.00,99999.00,99999.00,99999.00,99999.00,99999.00,99999.00,99999.00,99999.00,99999.00,99999.00,99999.00,99999.00
99999.00,99999.00,99999.00,99999.00,99999.00,99999.00,99999.00,99999.00,99999.00,99999.00,99999.00,99999.00,99999.00,99999.00,99999.00,99999.00,99999.00,99999.00,99999.00,99999.00,99999.00,99999.00,99999.00,99999.00,99999.00,99999.00,99999.00,99999.00,99999.00,99999.00,99999.00,99999.00,99999.00,99999.00,99999.00,99999.00,99999.00,99999.00,99999.00, 543.73, 528.43, 514.34, 501.26, 489.17, 477.83, 467.18, 457.13, 447.58, 438.47, 429.79, 421.48, 413.47, 405.76, 398.34, 391.25, 384.39, 377.73, 371.30, 365.14, 359.50, 354.05, 348.87, 343.83, 338.99, 334.40, 329.97, 325.74, 321.65, 317.75, 313.98, 310.40, 306.88, 303.71, 300.97, 298.63, 296.84, 295.54, 294.51, 293.62, 292.98, 292.53, 292.35, 292.47, 293.05, 294.02, 295.41, 297.09, 298.96, 300.92, 303.20, 305.81, 308.52, 311.64, 315.11, 318.72, 322.80, 327.35, 332.11, 337.16, 342.60, 348.45, 354.76, 361.57, 368.74, 376.38, 384.66, 393.66, 403.31, 413.72, 424.85, 437.09, 450.55, 465.56,99999.00,99999.00,99999.00,99999.00,99999.00,99999.00,99999.00,99999.00,99999.00,99999.00,99999.00,99999.00,99999.00,99999.00,99999.00
99999.00,99999.00,99999.00,99999.00,99999.00,99999.00,99999.00,99999.00,99999.00,99999.00,99999.00,99999.00,99999.00,99999.00,99999.00,99999.00,99999.00,99999.00,99999.00,99999.00,99999.00,99999.00,99999.00,99999.00,99999.00,99999.00,99999.00,99999.00,99999.00,99999.00,99999.00,99999.00,99999.00,99999.00,99999.00,99999.00,99999.00,99999.00,99999.00, 539.36, 524.16, 510.16, 497.12, 484.97, 473.65, 463.02, 452.93, 443.37, 434.27, 425.57, 417.24, 409.26, 401.59, 394.19, 387.04, 380.15, 373.56, 367.17, 360.96, 355.04, 349.60, 344.34, 339.33, 334.46, 329.78, 325.34, 321.06, 316.97, 313.01, 309.23, 305.59, 302.13, 298.84, 295.91, 293.40, 291.46, 290.05, 288.96, 288.00, 287.28, 286.76, 286.50, 286.54, 287.03, 287.91, 289.21, 290.89, 292.69, 294.65, 296.95, 299.44, 302.21, 305.39, 308.75, 312.39, 316.57, 321.06, 325.84, 330.97, 336.50, 342.45, 348.87, 355.61, 362.77, 370.52, 378.92, 388.07, 397.73, 408.22, 419.54, 431.85, 445.49, 460.57,99999.00,99999.00,99999.00,99999.00,99999.00,99999.00,99999.00,99999.00,99999.00,99999.00,99999.00,99999.00,99999.00,99999.00,99999.00
99999.00,99999.00,99999.00,99999.00,99999.00,99999.00,99999.00,99999.00,99999.00,99999.00,99999.00,99999.00,99999.00,99999.00,99999.00,99999.00,99999.00,99999.00,99999.00,99999.00,99999.00,99999.00,99999.00,99999.00,99999.00,99999.00,99999.00,99999.00,99999.00,99999.00,99999.00,99999.00,99999.00,99999.00,99999.00,99999.00,99999.00,99999.00,99999.00, 535.24, 520.12, 506.21, 493.26, 481.09, 469.71, 459.03, 448.96, 439.42, 430.28, 421.57, 413.24, 405.24, 397.56, 390.17, 383.07, 376.19, 369.53, 363.10, 356.89, 350.86, 345.14, 339.88, 334.81, 329.97, 325.26, 320.73, 316.43, 312.29, 308.33, 304.50, 300.84, 297.31, 293.97, 290.97, 288.39, 286.21, 284.56, 283.40, 282.37, 281.58, 280.98, 280.65, 280.60, 281.01, 281.80, 283.01, 284.64, 286.37, 288.39, 290.74, 293.16, 295.98, 299.14, 302.41, 306.13, 310.39, 314.74, 319.59, 324.81, 330.43, 336.50, 342.85, 349.58, 356.85, 364.72, 373.28, 382.54, 392.42, 402.98, 414.48, 426.91, 440.39, 455.47,99999.00,99999.00,99999.00,99999.00,99999.00,99999.00,99999.00,99999.00,99999.00,99999.00,99999.00,99999.00,99999.00,99999.00,99999.00
99999.00,99999.00,99999.00,99999.00,99999.00,99999.00,99999.00,99999.00,99999.00,99999.00,99999.00,99999.00,99999.00,99999.00,99999.00,99999.00,99999.00,99999.00,99999.00,99999.00,99999.00,99999.00,99999.00,99999.00,99999.00,99999.00,99999.00,99999.00,99999.00,99999.00,99999.00,99999.00,99999.00,99999.00,99999.00,99999.00,99999.00,99999.00,99999.00, 531.43, 516.36, 502.49, 489.58, 477.45, 466.08, 455.35, 445.22, 435.63, 426.51, 417.81, 409.45, 401.44, 393.75, 386.35, 379.18, 372.27, 365.61, 359.14, 352.86, 346.79, 340.96, 335.42, 330.35, 325.44, 320.76, 316.20, 311.82, 307.66, 303.65, 299.82, 296.11, 292.57, 289.22, 286.10, 283.33, 280.98, 279.19, 277.85, 276.75, 275.89, 275.21, 274.80, 274.67, 275.00, 275.69, 276.81, 278.38, 280.09, 282.14, 284.36, 286.82, 289.68, 292.71, 296.00, 299.81, 303.92, 308.36, 313.30, 318.63, 324.36, 330.35, 336.70, 343.54, 350.93, 358.96, 367.78, 377.11, 387.18, 397.90, 409.29, 421.71, 435.42, 450.56,99999.00,99999.00,99999.00,99999.00,99999.00,99999.00,99999.00,99999.00,99999.00,99999.00,99999.00,99999.00,99999.00,99999.00,99999.00
99999.00,99999.00,99999.00,99999.00,99999.00,99999.00,99999.00,99999.00,99999.00,99999.00,99999.00,99999.00,99999.00,99999.00,99999.00,99999.00,99999.00,99999.00,99999.00,99999.00,99999.00,99999.00,99999.00,99999.00,99999.00,99999.00,99999.00,99999.00,99999.00,99999.00,99999.00,99999.00,99999.00,99999.00,99999.00,99999.00,99999.00,99999.00,99999.00, 527.92, 512.85, 498.98, 486.07, 473.94, 462.53, 451.80, 441.68, 432.03, 422.86, 414.11, 405.75, 397.73, 389.99, 382.54, 375.37, 368.44, 361.72, 355.22, 348.94, 342.83, 336.89, 331.24, 325.89, 320.98, 316.23, 311.71, 307.29, 303.05, 299.02, 295.14, 291.42, 287.83, 284.40, 281.23, 278.39, 275.97, 273.94, 272.29, 271.12, 270.19, 269.43, 268.94, 268.73, 268.98, 269.57, 270.56, 272.00, 273.74, 275.78, 277.90, 280.40, 283.24, 286.17, 289.54, 293.44, 297.39, 301.95, 306.99, 312.42, 318.09, 324.07, 330.53, 337.48, 345.04, 353.33, 362.33, 371.83, 381.79, 392.50, 404.12, 416.62, 430.46, 444.86,99999.00,99999.00,99999.00,99999.00,99999.00,99999.00,99999.00,99999.00,99999.00,99999.00,99999.00,99999.00,99999.00,99999.00,99999.00
99999.00,99999.00,99999.00,99999.00,99999.00,99999.00,99999.00,99999.00,99999.00,99999.00,99999.00,99999.00,99999.00,99999.00,99999.00,99999.00,99999.00,99999.00,99999.00,99999.00,99999.00,99999.00,99999.00,99999.00,99999.00,99999.00,99999.00,99999.00,99999.00,99999.00,99999.00,99999.00,99999.00,99999.00,99999.00,99999.00,99999.00,99999.00,99999.00, 524.37, 509.29, 495.42, 482.51, 470.39, 459.01, 448.29, 438.14, 428.49, 419.32, 410.52, 402.10, 394.03, 386.28, 378.83, 371.61, 364.64, 357.91, 351.39, 345.05, 338.91, 332.97, 327.17, 321.71, 316.52, 311.78, 307.18, 302.80, 298.52, 294.41, 290.51, 286.74, 283.15, 279.67, 276.47, 273.52, 270.91, 268.71, 266.92, 265.49, 264.49, 263.66, 263.09, 262.78, 262.90, 263.37, 264.23, 265.54, 267.30, 269.21, 271.36, 273.90, 276.60, 279.55, 283.01, 286.76, 290.81, 295.49, 300.65, 306.01, 311.67, 317.76, 324.33, 331.45, 339.27, 347.83, 356.72, 366.22, 376.41, 387.21, 398.96, 411.66, 423.27, 433.12,99999.00,99999.00,99999.00,99999.00,99999.00,99999.00,99999.00,99999.00,99999.00,99999.00,99999.00,99999.00,99999.00,99999.00,99999.00
99999.00,99999.00,99999.00,99999.00,99999.00,99999.00,99999.00,99999.00,99999.00,99999.00,99999.00,99999.00,99999.00,99999.00,99999.00,99999.00,99999.00,99999.00,99999.00,99999.00,99999.00,99999.00,99999.00,99999.00,99999.00,99999.00,99999.00,99999.00,99999.00,99999.00,99999.00,99999.00,99999.00,99999.00,99999.00,99999.00,99999.00,99999.00,99999.00, 520.82, 505.75, 491.88, 478.97, 466.84, 455.46, 444.74, 434.61, 424.98, 415.78, 406.98, 398.56, 390.44, 382.64, 375.13, 367.90, 360.93, 354.14, 347.59, 341.24, 335.09, 329.08, 323.25, 317.64, 312.34, 307.32, 302.72, 298.27, 294.03, 289.88, 285.90, 282.12, 278.47, 274.98, 271.66, 268.65, 265.96, 263.70, 261.66, 259.87, 258.79, 257.87, 257.18, 256.75, 256.74, 257.08, 257.81, 258.99, 260.74, 262.55, 264.74, 267.25, 269.85, 272.88, 276.42, 280.01, 284.18, 289.01, 294.09, 299.45, 305.21, 311.42, 318.16, 325.54, 333.62, 341.99, 351.12, 360.71, 371.04, 382.04, 393.88, 403.49, 411.40, 421.27,99999.00,99999.00,99999.00,99999.00,99999.00,99999.00,99999.00,99999.00,99999.00,99999.00,99999.00,99999.00,99999.00,99999.00,99999.00
99999.00,99999.00,99999.00,99999.00,99999.00,99999.00,99999.00,99999.00,99999.00,99999.00,99999.00,99999.00,99999.00,99999.00,99999.00,99999.00,99999.00,99999.00,99999.00,99999.00,99999.00,99999.00,99999.00,99999.00,99999.00,99999.00,99999.00,99999.00,99999.00,99999.00,99999.00,99999.00,99999.00,99999.00,99999.00,99999.00,99999.00,99999.00,99999.00, 517.32, 502.24, 488.38, 475.47, 463.34, 451.92, 441.19, 431.07, 421.42, 412.25, 403.46, 395.01, 386.89, 379.09, 371.54, 364.26, 357.23, 350.44, 343.88, 337.48, 331.28, 325.27, 319.43, 313.72, 308.27, 303.14, 298.26, 293.82, 289.50, 285.39, 281.37, 277.50, 273.84, 270.30, 266.92, 263.90, 261.10, 258.64, 256.44, 254.49, 253.06, 252.01, 251.20, 250.63, 250.50, 250.71, 251.30, 252.35, 253.96, 255.80, 258.02, 260.39, 263.01, 266.12, 269.51, 273.20, 277.50, 282.36, 287.37, 292.84, 298.72, 305.09, 312.08, 319.74, 327.63, 336.23, 345.51, 355.30, 365.72, 376.99, 385.49, 391.56, 399.42, 409.34,99999.00,99999.00,99999.00,99999.00,99999.00,99999.00,99999.00,99999.00,99999.00,99999.00,99999.00,99999.00,99999.00,99999.00,99999.00
99999.00,99999.00,99999.00,99999.00,99999.00,99999.00,99999.00,99999.00,99999.00,99999.00,99999.00,99999.00,99999.00,99999.00,99999.00,99999.00,99999.00,99999.00,99999.00,99999.00,99999.00,99999.00,99999.00,99999.00,99999.00,99999.00,99999.00,99999.00,99999.00,99999.00,99999.00,99999.00,99999.00,99999.00,99999.00,99999.00,99999.00,99999.00,99999.00, 514.05, 498.98, 485.11, 472.20, 460.07, 448.60, 437.69, 427.53, 417.88, 408.71, 399.91, 391.49, 383.38, 375.55, 368.00, 360.71, 353.63, 346.79, 340.18, 333.77, 327.57, 321.51, 315.62, 309.91, 304.35, 299.07, 294.08, 289.35, 285.05, 280.86, 276.88, 272.98, 269.23, 265.68, 262.24, 259.08, 256.23, 253.69, 251.43, 249.24, 247.29, 246.08, 245.14, 244.44, 244.17, 244.24, 244.70, 245.61, 247.08, 248.94, 251.13, 253.41, 256.09, 259.29, 262.53, 266.33, 270.76, 275.44, 280.59, 286.17, 292.22, 298.86, 306.12, 313.58, 321.71, 330.57, 339.94, 350.00, 360.64, 368.72, 373.64, 379.47, 387.34, 397.28,99999.00,99999.00,99999.00,99999.00,99999.00,99999.00,99999.00,99999.00,99999.00,99999.00,99999.00,99999.00,99999.00,99999.00,99999.00
99999.00,99999.00,99999.00,99999.00,99999.00,99999.00,99999.00,99999.00,99999.00,99999.00,99999.00,99999.00,99999.00,99999.00,99999.00,99999.00,99999.00,99999.00,99999.00,99999.00,99999.00,99999.00,99999.00,99999.00,99999.00,99999.00,99999.00,99999.00,99999.00,99999.00,99999.00,99999.00,99999.00,99999.00,99999.00,99999.00,99999.00,99999.00,99999.00, 511.16, 496.09, 482.22, 469.31, 457.19, 445.71, 434.80, 424.38, 414.38, 405.17, 396.36, 387.95, 379.83, 372.03, 364.48, 357.17, 350.09, 343.25, 336.58, 330.13, 323.87, 317.80, 311.92, 306.15, 300.55, 295.15, 290.01, 285.18, 280.58, 276.41, 272.35, 268.48, 264.70, 261.06, 257.62, 254.35, 251.47, 248.83, 246.37, 244.00, 241.78, 240.07, 238.99, 238.16, 237.75, 237.69, 238.00, 238.77, 240.09, 241.99, 244.03, 246.31, 249.08, 252.12, 255.46, 259.38, 263.86, 268.46, 273.76, 279.50, 285.81, 292.72, 299.79, 307.48, 315.87, 325.00, 334.59, 344.76, 353.25, 357.09, 361.47, 367.26, 375.13, 385.12,99999.00,99999.00,99999.00,99999.00,99999.00,99999.00,99999.00,99999.00,99999.00,99999.00,99999.00,99999.00,99999.00,99999.00,99999.00
99999.00,99999.00,99999.00,99999.00,99999.00,99999.00,99999.00,99999.00,99999.00,99999.00,99999.00,99999.00,99999.00,99999.00,99999.00,99999.00,99999.00,99999.00,99999.00,99999.00,99999.00,99999.00,99999.00,99999.00,99999.00,99999.00,99999.00,99999.00,99999.00,99999.00,99999.00,99999.00,99999.00,99999.00,99999.00,99999.00,99999.00,99999.00,99999.00, 508.56, 493.48, 479.61, 466.70, 454.58, 443.10, 432.19, 421.77, 411.77, 402.15, 392.86, 384.40, 376.28, 368.48, 360.93, 353.65, 346.58, 339.71, 333.04, 326.59, 320.28, 314.16, 308.21, 302.45, 296.84, 291.34, 286.09, 281.11, 276.41, 271.94, 267.89, 263.96, 260.21, 256.54, 253.00, 249.67, 246.66, 243.96, 241.38, 238.84, 236.37, 234.14, 232.76, 231.79, 231.24, 231.03, 231.20, 231.82, 232.99, 234.85, 236.79, 239.13, 241.98, 244.86, 248.30, 252.37, 256.66, 261.43, 266.90, 272.90, 279.48, 286.20, 293.50, 301.46, 310.22, 319.47, 329.38, 338.80, 341.47, 344.98, 349.13, 354.94, 362.81, 372.79,99999.00,99999.00,99999.00,99999.00,99999.00,99999.00,99999.00,99999.00,99999.00,99999.00,99999.00,99999.00,99999.00,99999.00,99999.00
99999.00,99999.00,99999.00,99999.00,99999.00,99999.00,99999.00,99999.00,99999.00,99999.00,99999.00,99999.00,99999.00,99999.00,99999.00,99999.00,99999.00,99999.00,99999.00,99999.00,99999.00,99999.00,99999.00,99999.00,99999.00,99999.00,99999.00,99999.00,99999.00,99999.00,99999.00,99999.00,99999.00,99999.00,99999.00,99999.00,99999.00,99999.00,99999.00, 506.16, 491.08, 477.22, 464.31, 452.18, 440.71, 429.80, 419.37, 409.37, 399.75, 390.46, 381.48, 372.78, 364.94, 357.39, 350.10, 343.03, 336.19, 329.53, 323.04, 316.74, 310.61, 304.62, 298.80, 293.14, 287.64, 282.29, 277.19, 272.34, 267.77, 263.43, 259.50, 255.68, 252.04, 248.48, 245.05, 241.92, 239.15, 236.37, 233.63, 230.97, 228.46, 226.44, 225.33, 224.63, 224.28, 224.30, 224.76, 225.78, 227.48, 229.42, 231.84, 234.53, 237.50, 241.06, 245.17, 249.38, 254.37, 260.10, 266.38, 272.76, 279.71, 287.27, 295.61, 304.69, 314.30, 324.42, 327.34, 329.55, 332.54, 336.65, 342.47, 350.32, 360.39,99999.00,99999.00,99999.00,99999.00,99999.00,99999.00,99999.00,99999.00,99999.00,99999.00,99999.00,99999.00,99999.00,99999.00,99999.00
99999.00,99999.00,99999.00,99999.00,99999.00,99999.00,99999.00,99999.00,99999.00,99999.00,99999.00,99999.00,99999.00,99999.00,99999.00,99999.00,99999.00,99999.00,99999.00,99999.00,99999.00,99999.00,99999.00,99999.00,99999.00,99999.00,99999.00,99999.00,99999.00,99999.00,99999.00,99999.00,99999.00,99999.00,99999.00,99999.00,99999.00,99999.00,99999.00, 503.93, 488.86, 474.99, 462.08, 449.95, 438.48, 427.57, 417.15, 407.15, 397.52, 388.24, 379.26, 370.55, 362.10, 353.88, 346.56, 339.48, 332.64, 325.98, 319.52, 313.22, 307.07, 301.08, 295.26, 289.55, 283.99, 278.58, 273.38, 268.42, 263.70, 259.25, 255.04, 251.23, 247.52, 243.99, 240.50, 237.19, 234.19, 231.35, 228.48, 225.65, 222.87, 220.33, 218.77, 217.92, 217.41, 217.28, 217.58, 218.43, 219.96, 221.94, 224.44, 226.96, 230.03, 233.73, 237.65, 242.04, 247.30, 253.29, 259.38, 266.00, 273.20, 281.15, 290.01, 299.30, 309.27, 314.48, 315.70, 317.45, 319.90, 324.05, 329.88, 337.72, 347.84,99999.00,99999.00,99999.00,99999.00,99999.00,99999.00,99999.00,99999.00,99999.00,99999.00,99999.00,99999.00,99999.00,99999.00,99999.00
99999.00,99999.00,99999.00,99999.00,99999.00,99999.00,99999.00,99999.00,99999.00,99999.00,99999.00,99999.00,99999.00,99999.00,99999.00,99999.00,99999.00,99999.00,99999.00,99999.00,99999.00,99999.00,99999.00,99999.00,99999.00,99999.00,99999.00,99999.00,99999.00,99999.00,99999.00,99999.00,99999.00,99999.00,99999.00,99999.00,99999.00,99999.00,99999.00, 501.84, 486.77, 472.90, 459.99, 447.86, 436.39, 425.48, 415.06, 405.06, 395.43, 386.15, 377.17, 368.47, 360.01, 351.79, 343.79, 335.98, 329.10, 322.43, 315.98, 309.67, 303.55, 297.57, 291.72, 286.00, 280.45, 274.99, 269.67, 264.61, 259.78, 255.18, 250.86, 246.76, 243.06, 239.45, 235.93, 232.44, 229.32, 226.39, 223.32, 220.26, 217.29, 214.46, 212.11, 211.09, 210.39, 210.07, 210.19, 210.86, 212.21, 214.25, 216.57, 219.17, 222.36, 226.10, 229.93, 234.54, 240.13, 245.94, 252.26, 259.13, 266.72, 275.19, 284.41, 293.93, 302.72, 302.99, 303.81, 305.09, 307.03, 311.20, 317.04, 324.87, 335.03,99999.00,99999.00,99999.00,99999.00,99999.00,99999.00,99999.00,99999.00,99999.00,99999.00,99999.00,99999.00,99999.00,99999.00,99999.00
99999.00,99999.00,99999.00,99999.00,99999.00,99999.00,99999.00,99999.00,99999.00,99999.00,99999.00,99999.00,99999.00,99999.00,99999.00,99999.00,99999.00,99999.00,99999.00,99999.00,99999.00,99999.00,99999.00,99999.00,99999.00,99999.00,99999.00,99999.00,99999.00,99999.00,99999.00,99999.00,99999.00,99999.00,99999.00,99999.00,99999.00,99999.00,99999.00, 499.87, 484.80, 470.93, 458.02, 445.89, 434.42, 423.51, 413.09, 403.09, 393.46, 384.18, 375.20, 366.49, 358.04, 349.82, 341.82, 334.01, 326.38, 318.93, 312.43, 306.12, 300.00, 294.01, 288.19, 282.49, 276.91, 271.45, 266.13, 260.90, 255.97, 251.26, 246.79, 242.59, 238.60, 234.92, 231.31, 227.78, 224.44, 221.29, 218.14, 214.95, 211.79, 208.68, 205.79, 204.06, 203.17, 202.65, 202.59, 203.06, 204.22, 206.32, 208.46, 211.16, 214.48, 218.02, 222.03, 226.90, 232.56, 238.43, 245.01, 252.27, 260.38, 269.21, 278.68, 288.82, 291.33, 291.23, 291.64, 292.48, 293.89, 298.09, 303.94, 311.74, 321.92,99999.00,99999.00,99999.00,99999.00,99999.00,99999.00,99999.00,99999.00,99999.00,99999.00,99999.00,99999.00,99999.00,99999.00,99999.00
99999.00,99999.00,99999.00,99999.00,99999.00,99999.00,99999.00,99999.00,99999.00,99999.00,99999.00,99999.00,99999.00,99999.00,99999.00,99999.00,99999.00,99999.00,99999.00,99999.00,99999.00,99999.00,99999.00,99999.00,99999.00,99999.00,99999.00,99999.00,99999.00,99999.00,99999.00,99999.00,99999.00,99999.00,99999.00,99999.00,99999.00,99999.00,99999.00, 498.00, 482.93, 469.06, 456.15, 444.02, 432.55, 421.64, 411.21, 401.21, 391.59, 382.31, 373.33, 364.62, 356.17, 347.95, 339.94, 332.14, 324.51, 317.06, 309.76, 302.62, 296.46, 290.47, 284.65, 278.94, 273.38, 267.94, 262.59, 257.36, 252.27, 247.46, 242.87, 238.52, 234.37, 230.38, 226.70, 223.08, 219.55, 216.26, 213.02, 209.61, 206.22, 202.86, 199.60, 196.83, 195.73, 195.02, 194.75, 195.02, 195.98, 197.89, 200.09, 202.90, 206.25, 209.70, 213.92, 219.13, 224.52, 230.77, 237.73, 245.51, 253.99, 263.45, 273.36, 280.53, 279.64, 279.19, 279.19, 279.58, 280.48, 284.71, 290.55, 298.31, 308.37,99999.00,99999.00,99999.00,99999.00,99999.00,99999.00,99999.00,99999.00,99999.00,99999.00,99999.00,99999.00,99999.00,99999.00,99999.00
99999.00,99999.00,99999.00,99999.00,99999.00,99999.00,99999.00,99999.00,99999.00,99999.00,99999.00,99999.00,99999.00,99999.00,99999.00,99999.00,99999.00,99999.00,99999.00,99999.00,99999.00,99999.00,99999.00,99999.00,99999.00,99999.00,99999.00,99999.00,99999.00,99999.00,99999.00,99999.00,99999.00,99999.00,99999.00,99999.00,99999.00,99999.00,99999.00, 496.22, 481.14, 467.27, 454.36, 442.24, 430.76, 419.85, 409.43, 399.43, 389.81, 380.52, 371.54, 362.84, 354.38, 346.16, 338.16, 330.35, 322.72, 315.27, 307.98, 300.84, 293.83, 286.97, 281.10, 275.39, 269.84, 264.38, 259.07, 253.85, 248.72, 243.75, 239.06, 234.58, 230.23, 226.08, 222.09, 218.39, 214.75, 211.23, 207.75, 204.21, 200.58, 196.97, 193.42, 190.08, 188.08, 187.15, 186.66, 186.72, 187.47, 189.17, 191.46, 194.38, 197.52, 201.14, 205.63, 210.90, 216.36, 223.04, 230.52, 238.67, 247.96, 257.71, 268.12, 268.87, 267.64, 266.82, 266.43, 266.38, 266.77, 271.02, 276.86, 284.55, 294.45,99999.00,99999.00,99999.00,99999.00,99999.00,99999.00,99999.00,99999.00,99999.00,99999.00,99999.00,99999.00,99999.00,99999.00,99999.00
99999.00,99999.00,99999.00,99999.00,99999.00,99999.00,99999.00,99999.00,99999.00,99999.00,99999.00,99999.00,99999.00,99999.00,99999.00,99999.00,99999.00,99999.00,99999.00,99999.00,99999.00,99999.00,99999.00,99999.00,99999.00,99999.00,99999.00,99999.00,99999.00,99999.00,99999.00,99999.00,99999.00,99999.00,99999.00,99999.00,99999.00,99999.00,99999.00, 494.50, 479.43, 465.56, 452.65, 440.52, 429.05, 418.14, 407.72, 397.72, 388.09, 378.81, 369.83, 361.13, 352.67, 344.45, 336.45, 328.64, 321.01, 313.56, 306.27, 299.12, 292.12, 285.25, 278.51, 271.89, 266.30, 260.84, 255.52, 250.30, 245.21, 240.21, 235.36, 230.71, 226.22, 221.87, 217.71, 213.70, 209.92, 206.16, 202.43, 198.73, 194.87, 191.01, 187.18, 183.45, 180.19, 179.03, 178.32, 178.15, 178.68, 180.16, 182.53, 185.46, 188.51, 192.33, 197.15, 202.15, 208.14, 215.35, 223.19, 232.16, 241.95, 252.01, 258.90, 256.86, 255.30, 254.12, 253.34, 252.84, 252.74, 257.01, 262.83, 270.42, 279.86,99999.00,99999.00,99999.00,99999.00,99999.00,99999.00,99999.00,99999.00,99999.00,99999.00,99999.00,99999.00,99999.00,99999.00,99999.00
99999.00,99999.00,99999.00,99999.00,99999.00,99999.00,99999.00,99999.00,99999.00,99999.00,99999.00,99999.00,99999.00,99999.00,99999.00,99999.00,99999.00,99999.00,99999.00,99999.00,99999.00,99999.00,99999.00,99999.00,99999.00,99999.00,99999.00,99999.00,99999.00,99999.00,99999.00,99999.00,99999.00,99999.00,99999.00,99999.00,99999.00,99999.00,99999.00, 492.86, 477.78, 463.92, 451.01, 438.88, 427.41, 416.50, 406.07, 396.07, 386.45, 377.17, 368.19, 359.48, 351.03, 342.81, 334.80, 326.99, 319.37, 311.92, 304.62, 297.48, 290.48, 283.61, 276.87, 270.25, 263.74, 257.33, 251.98, 246.75, 241.66, 236.70, 231.79, 226.95, 222.29, 217.80, 213.42, 209.15, 205.04, 201.05, 197.06, 193.11, 189.08, 184.97, 180.86, 176.81, 172.96, 170.66, 169.71, 169.29, 169.58, 170.83, 173.29, 176.00, 179.19, 183.27, 188.15, 193.22, 199.92, 207.48, 216.14, 225.61, 235.78, 246.67, 247.64, 244.47, 242.58, 241.04, 239.87, 238.95, 238.36, 242.65, 248.43, 255.89, 264.76,99999.00,99999.00,99999.00,99999.00,99999.00,99999.00,99999.00,99999.00,99999.00,99999.00,99999.00,99999.00,99999.00,99999.00,99999.00
99999.00,99999.00,99999.00,99999.00,99999.00,99999.00,99999.00,99999.00,99999.00,99999.00,99999.00,99999.00,99999.00,99999.00,99999.00,99999.00,99999.00,99999.00,99999.00,99999.00,99999.00,99999.00,99999.00,99999.00,99999.00,99999.00,99999.00,99999.00,99999.00,99999.00,99999.00,99999.00,99999.00,99999.00,99999.00,99999.00,99999.00,99999.00,99999.00, 491.28, 476.20, 462.33, 449.42, 437.30, 425.82, 414.91, 404.49, 394.49, 384.87, 375.58, 366.60, 357.90, 349.44, 341.22, 333.22, 325.41, 317.78, 310.33, 303.04, 295.90, 288.89, 282.03, 275.28, 268.66, 262.15, 255.75, 249.45, 243.25, 238.11, 233.14, 228.22, 223.32, 218.47, 213.77, 209.17, 204.68, 200.30, 195.96, 191.65, 187.42, 183.22, 178.84, 174.46, 170.09, 165.82, 162.03, 160.80, 160.13, 160.16, 161.16, 163.60, 166.18, 169.56, 173.95, 178.55, 184.15, 191.46, 199.84, 209.01, 219.34, 230.18, 241.50, 238.02, 231.88, 229.44, 227.54, 226.00, 224.66, 223.60, 227.91, 233.63, 240.66, 249.24,99999.00,99999.00,99999.00,99999.00,99999.00,99999.00,99999.00,99999.00,99999.00,99999.00,99999.00,99999.00,99999.00,99999.00,99999.00
99999.00,99999.00,99999.00,99999.00,99999.00,99999.00,99999.00,99999.00,99999.00,99999.00,99999.00,99999.00,99999.00,99999.00,99999.00,99999.00,99999.00,99999.00,99999.00,99999.00,99999.00,99999.00,99999.00,99999.00,99999.00,99999.00,99999.00,99999.00,99999.00,99999.00,99999.00,99999.00,99999.00,99999.00,99999.00,99999.00,99999.00,99999.00,99999.00, 489.79, 474.72, 460.85, 447.94, 435.81, 424.34, 413.43, 403.00, 393.00, 383.38, 374.10, 365.12, 356.41, 347.96, 339.74, 331.74, 323.93, 316.30, 308.85, 301.55, 294.41, 287.41, 280.54, 273.80, 267.18, 260.67, 254.27, 247.97, 241.77, 235.66, 229.59, 224.62, 219.70, 214.74, 209.79, 204.98, 200.26, 195.63, 191.02, 186.34, 181.69, 177.20, 172.63, 167.96, 163.29, 158.66, 154.23, 151.60, 150.64, 150.39, 151.11, 153.29, 155.99, 159.59, 164.03, 168.69, 175.04, 183.17, 192.05, 202.38, 213.14, 224.70, 236.85, 228.25, 219.68, 215.84, 213.60, 211.69, 209.95, 208.43, 212.74, 218.37, 224.88, 233.25,99999.00,99999.00,99999.00,99999.00,99999.00,99999.00,99999.00,99999.00,99999.00,99999.00,99999.00,99999.00,99999.00,99999.00,99999.00
99999.00,99999.00,99999.00,99999.00,99999.00,99999.00,99999.00,99999.00,99999.00,99999.00,99999.00,99999.00,99999.00,99999.00,99999.00,99999.00,99999.00,99999.00,99999.00,99999.00,99999.00,99999.00,99999.00,99999.00,99999.00,99999.00,99999.00,99999.00,99999.00,99999.00,99999.00,99999.00,99999.00,99999.00,99999.00,99999.00,99999.00,99999.00,99999.00, 488.56, 473.49, 459.62, 446.71, 434.58, 423.11, 412.20, 401.78, 391.78, 382.15, 372.87, 363.89, 355.18, 346.73, 338.51, 330.51, 322.70, 315.07, 307.62, 300.33, 293.18, 286.18, 279.31, 272.57, 265.95, 259.44, 253.04, 246.74, 240.54, 234.43, 228.33, 222.22, 216.03, 211.00, 205.91, 200.83, 195.89, 191.02, 186.14, 181.17, 176.14, 171.11, 166.33, 161.36, 156.38, 151.40, 146.51, 142.08, 140.81, 140.25, 140.67, 142.55, 145.40, 149.28, 153.42, 158.59, 166.02, 174.65, 184.69, 195.73, 207.33, 219.44, 228.66, 218.50, 209.19, 202.21, 199.14, 196.88, 194.75, 192.81, 197.11, 202.36, 208.63, 216.74,99999.00,99999.00,99999.00,99999.00,99999.00,99999.00,99999.00,99999.00,99999.00,99999.00,99999.00,99999.00,99999.00,99999.00,99999.00
99999.00,99999.00,99999.00,99999.00,99999.00,99999.00,99999.00,99999.00,99999.00,99999.00,99999.00,99999.00,99999.00,99999.00,99999.00,99999.00,99999.00,99999.00,99999.00,99999.00,99999.00,99999.00,99999.00,99999.00,99999.00,99999.00,99999.00,99999.00,99999.00,99999.00,99999.00,99999.00,99999.00,99999.00,99999.00,99999.00,99999.00,99999.00,99999.00, 487.61, 472.53, 458.67, 445.76, 433.63, 422.16, 411.25, 400.82, 390.82, 381.20, 371.91, 362.93, 354.23, 345.78, 337.56, 329.55, 321.74, 314.12, 306.67, 299.37, 292.23, 285.23, 278.36, 271.62, 265.00, 258.49, 252.08, 245.78, 239.58, 233.45, 227.32, 221.12, 214.85, 208.48, 202.02, 196.79, 191.56, 186.46, 181.33, 176.08, 170.73, 165.30, 159.86, 154.67, 149.36, 144.03, 138.73, 133.62, 130.62, 129.72, 129.80, 131.35, 134.37, 138.26, 142.41, 148.33, 156.67, 166.46, 177.57, 189.17, 201.70, 215.35, 220.66, 209.16, 198.61, 188.86, 184.27, 181.51, 179.04, 176.69, 180.96, 185.75, 191.87, 199.67,99999.00,99999.00,99999.00,99999.00,99999.00,99999.00,99999.00,99999.00,99999.00,99999.00,99999.00,99999.00,99999.00,99999.00,99999.00
99999.00,99999.00,99999.00,99999.00,99999.00,99999.00,99999.00,99999.00,99999.00,99999.00,99999.00,99999.00,99999.00,99999.00,99999.00,99999.00,99999.00,99999.00,99999.00,99999.00,99999.00,99999.00,99999.00,99999.00,99999.00,99999.00,99999.00,99999.00,99999.00,99999.00,99999.00,99999.00,99999.00,99999.00,99999.00,99999.00,99999.00,99999.00,99999.00, 486.88, 471.80, 457.94, 445.03, 432.90, 421.43, 410.52, 400.09, 390.09, 380.47, 371.18, 362.20, 353.50, 345.05, 336.83, 328.82, 321.01, 313.39, 305.93, 298.64, 291.50, 284.50, 277.63, 270.89, 264.26, 257.75, 251.35, 245.05, 238.85, 232.70, 226.49, 220.21, 213.84, 207.38, 200.82, 194.15, 187.35, 181.95, 176.56, 171.04, 165.39, 159.63, 153.76, 147.88, 142.23, 136.54, 130.85, 125.22, 120.04, 118.77, 118.47, 119.65, 122.87, 126.40, 131.03, 137.99, 147.53, 158.38, 170.44, 183.57, 197.56, 212.16, 213.04, 200.64, 188.31, 177.33, 169.33, 165.53, 162.72, 160.02, 164.00, 168.62, 174.55, 181.99,99999.00,99999.00,99999.00,99999.00,99999.00,99999.00,99999.00,99999.00,99999.00,99999.00,99999.00,99999.00,99999.00,99999.00,99999.00
99999.00,99999.00,99999.00,99999.00,99999.00,99999.00,99999.00,99999.00,99999.00,99999.00,99999.00,99999.00,99999.00,99999.00,99999.00,99999.00,99999.00,99999.00,99999.00,99999.00,99999.00,99999.00,99999.00,99999.00,99999.00,99999.00,99999.00,99999.00,99999.00,99999.00,99999.00,99999.00,99999.00,99999.00,99999.00,99999.00,99999.00,99999.00,99999.00, 486.44, 471.36, 457.50, 444.59, 432.46, 420.99, 410.08, 399.65, 389.65, 380.03, 370.75, 361.77, 353.06, 344.61, 336.39, 328.38, 320.58, 312.95, 305.50, 298.20, 291.06, 284.06, 277.19, 270.45, 263.83, 257.32, 250.92, 244.62, 238.41, 232.20, 225.92, 219.56, 213.11, 206.56, 199.89, 193.11, 186.19, 179.13, 171.84, 166.05, 160.11, 154.03, 147.81, 141.47, 135.10, 128.94, 122.84, 116.74, 110.81, 107.36, 106.64, 107.39, 110.53, 113.99, 119.30, 127.74, 138.34, 151.03, 164.54, 178.62, 194.32, 210.26, 205.71, 192.04, 178.94, 165.92, 154.48, 149.19, 145.75, 142.75, 146.35, 150.92, 156.62, 166.43,99999.00,99999.00,99999.00,99999.00,99999.00,99999.00,99999.00,99999.00,99999.00,99999.00,99999.00,99999.00,99999.00,99999.00,99999.00
99999.00,99999.00,99999.00,99999.00,99999.00,99999.00,99999.00,99999.00,99999.00,99999.00,99999.00,99999.00,99999.00,99999.00,99999.00,99999.00,99999.00,99999.00,99999.00,99999.00,99999.00,99999.00,99999.00,99999.00,99999.00,99999.00,99999.00,99999.00,99999.00,99999.00,99999.00,99999.00,99999.00,99999.00,99999.00,99999.00,99999.00,99999.00,99999.00, 486.25, 471.18, 457.31, 444.40, 432.27, 420.80, 409.89, 399.47, 389.47, 379.84, 370.56, 361.58, 352.88, 344.42, 336.20, 328.20, 320.39, 312.76, 305.31, 298.02, 290.87, 283.87, 277.00, 270.26, 263.64, 257.13, 250.73, 244.43, 238.21, 231.94, 225.58, 219.15, 212.61, 205.97, 199.21, 192.32, 185.29, 178.10, 170.68, 162.95, 154.89, 148.49, 141.92, 135.20, 128.34, 121.42, 114.69, 108.12, 101.60,  95.49,  94.28,  94.53,  97.18, 101.00, 107.27, 117.24, 130.35, 143.98, 159.44, 176.08, 192.93, 210.01, 202.23, 184.89, 169.51, 155.23, 141.75, 132.55, 128.16, 124.80, 128.11, 132.60, 138.05, 151.54,99999.00,99999.00,99999.00,99999.00,99999.00,99999.00,99999.00,99999.00,99999.00,99999.00,99999.00,99999.00,99999.00,99999.00,99999.00
99999.00,99999.00,99999.00,99999.00,99999.00,99999.00,99999.00,99999.00,99999.00,99999.00,99999.00,99999.00,99999.00,99999.00,99999.00,99999.00,99999.00,99999.00,99999.00,99999.00,99999.00,99999.00,99999.00,99999.00,99999.00,99999.00,99999.00,99999.00,99999.00,99999.00,99999.00,99999.00,99999.00,99999.00,99999.00,99999.00,99999.00,99999.00,99999.00, 486.29, 471.21, 457.34, 444.43, 432.31, 420.84, 409.92, 399.50, 389.50, 379.88, 370.59, 361.61, 352.91, 344.46, 336.24, 328.23, 320.42, 312.80, 305.34, 298.05, 290.91, 283.90, 277.04, 270.29, 263.67, 257.16, 250.76, 244.46, 238.19, 231.85, 225.43, 218.92, 212.31, 205.58, 198.73, 191.74, 184.60, 177.29, 169.73, 161.85, 153.63, 145.05, 136.10, 129.00, 121.72, 114.28, 106.74,  99.36,  92.28,  85.33,  81.36,  81.03,  83.08,  87.40,  95.01, 107.63, 122.67, 140.40, 158.31, 176.42, 194.74, 213.29, 202.78, 183.98, 164.89, 145.51, 129.44, 115.70, 109.95, 106.10, 109.23, 113.62, 122.55, 136.93,99999.00,99999.00,99999.00,99999.00,99999.00,99999.00,99999.00,99999.00,99999.00,99999.00,99999.00,99999.00,99999.00,99999.00,99999.00
99999.00,99999.00,99999.00,99999.00,99999.00,99999.00,99999.00,99999.00,99999.00,99999.00,99999.00,99999.00,99999.00,99999.00,99999.00,99999.00,99999.00,99999.00,99999.00,99999.00,99999.00,99999.00,99999.00,99999.00,99999.00,99999.00,99999.00,99999.00,99999.00,99999.00,99999.00,99999.00,99999.00,99999.00,99999.00,99999.00,99999.00,99999.00,99999.00, 486.55, 471.47, 457.61, 444.70, 432.57, 421.10, 410.19, 399.76, 389.76, 380.14, 370.86, 361.88, 353.17, 344.72, 336.50, 328.49, 320.68, 313.06, 305.61, 298.31, 291.17, 284.17, 277.30, 270.56, 263.94, 257.43, 251.02, 244.70, 238.38, 231.98, 225.50, 218.92, 212.24, 205.43, 198.49, 191.40, 184.16, 176.73, 169.05, 161.03, 152.65, 143.90, 134.76, 125.19, 115.18, 107.28,  99.17,  90.94,  82.81,  75.15,  67.86,  66.85,  68.17,  73.19,  83.50,99999.00,99999.00,99999.00,99999.00,99999.00,99999.00,99999.00,99999.00,99999.00,99999.00,99999.00,99999.00, 101.49,  91.13,  86.58,  89.66,  93.96, 107.33, 121.99,99999.00,99999.00,99999.00,99999.00,99999.00,99999.00,99999.00,99999.00,99999.00,99999.00,99999.00,99999.00,99999.00,99999.00,99999.00
99999.00,99999.00,99999.00,99999.00,99999.00,99999.00,99999.00,99999.00,99999.00,99999.00,99999.00,99999.00,99999.00,99999.00,99999.00,99999.00,99999.00,99999.00,99999.00,99999.00,99999.00,99999.00,99999.00,99999.00,99999.00,99999.00,99999.00,99999.00,99999.00,99999.00,99999.00,99999.00,99999.00,99999.00,99999.00,99999.00,99999.00,99999.00,99999.00, 487.09, 472.01, 458.14, 445.23, 433.11, 421.64, 410.73, 400.30, 390.30, 380.68, 371.39, 362.41, 353.71, 345.26, 337.04, 329.03, 321.22, 313.60, 306.14, 298.85, 291.71, 284.71, 277.84, 271.10, 264.47, 257.96, 251.56, 245.20, 238.83, 232.38, 225.84, 219.20, 212.45, 205.56, 198.54, 191.37, 184.02, 176.48, 168.68, 160.53, 152.01, 143.09, 133.76, 123.99, 113.75, 103.02,  91.76,  82.90,  73.86,  64.86,  56.57,  51.95,  52.38,  58.33,99999.00,99999.00,99999.00,99999.00,99999.00,99999.00,99999.00,99999.00,99999.00,99999.00,99999.00,99999.00,99999.00,99999.00,  71.67,  66.19,  69.37,  78.02,  91.77, 110.50,99999.00,99999.00,99999.00,99999.00,99999.00,99999.00,99999.00,99999.00,99999.00,99999.00,99999.00,99999.00,99999.00,99999.00,99999.00
99999.00,99999.00,99999.00,99999.00,99999.00,99999.00,99999.00,99999.00,99999.00,99999.00,99999.00,99999.00,99999.00,99999.00,99999.00,99999.00,99999.00,99999.00,99999.00,99999.00,99999.00,99999.00,99999.00,99999.00,99999.00,99999.00,99999.00,99999.00,99999.00,99999.00,99999.00,99999.00,99999.00,99999.00,99999.00,99999.00,99999.00,99999.00,99999.00, 487.96, 472.88, 459.01, 446.10, 433.98, 422.51, 411.59, 401.17, 391.17, 381.55, 372.26, 363.28, 354.58, 346.13, 337.91, 329.90, 322.09, 314.47, 307.01, 299.72, 292.58, 285.58, 278.71, 271.97, 265.34, 258.83, 252.41, 246.02, 239.60, 233.10, 226.51, 219.81, 213.00, 206.05, 198.95, 191.69, 184.25, 176.61, 168.70, 160.42, 151.76, 142.69, 133.18, 123.22, 112.76, 101.78,  90.24,  78.10,  65.30,  55.31,  45.27,  36.34,  35.70,99999.00,99999.00,99999.00,99999.00,99999.00,99999.00,99999.00,99999.00,99999.00,99999.00,99999.00,99999.00,99999.00,99999.00,99999.00,99999.00,  44.90,  48.38,  61.78,  79.77,  98.75,99999.00,99999.00,99999.00,99999.00,99999.00,99999.00,99999.00,99999.00,99999.00,99999.00,99999.00,99999.00,99999.00,99999.00,99999.00
99999.00,99999.00,99999.00,99999.00,99999.00,99999.00,99999.00,99999.00,99999.00,99999.00,99999.00,99999.00,99999.00,99999.00,99999.00,99999.00,99999.00,99999.00,99999.00,99999.00,99999.00,99999.00,99999.00,99999.00,99999.00,99999.00,99999.00,99999.00,99999.00,99999.00,99999.00,99999.00,99999.00,99999.00,99999.00,99999.00,99999.00,99999.00,99999.00, 489.21, 474.14, 460.27, 447.36, 435.24, 423.76, 412.85, 402.43, 392.43, 382.81, 373.52, 364.54, 355.84, 347.38, 339.16, 331.16, 323.35, 315.72, 308.27, 300.98, 293.84, 286.83, 279.97, 273.22, 266.60, 260.09, 253.64, 247.21, 240.75, 234.21, 227.57, 220.82, 213.95, 206.94, 199.77, 192.44, 184.91, 177.18, 169.17, 160.77, 151.98, 142.76, 133.09, 122.95, 112.28, 101.07,  89.27,  76.82,  63.69,  49.80,  35.07,  23.77,  18.19,99999.00,99999.00,99999.00,99999.00,99999.00,99999.00,99999.00,99999.00,99999.00,99999.00,99999.00,99999.00,99999.00,99999.00,99999.00,99999.00,  22.79,  31.38,  49.13,  71.22,  93.78,99999.00,99999.00,99999.00,99999.00,99999.00,99999.00,99999.00,99999.00,99999.00,99999.00,99999.00,99999.00,99999.00,99999.00,99999.00
99999.00,99999.00,99999.00,99999.00,99999.00,99999.00,99999.00,99999.00,99999.00,99999.00,99999.00,99999.00,99999.00,99999.00,99999.00,99999.00,99999.00,99999.00,99999.00,99999.00,99999.00,99999.00,99999.00,99999.00,99999.00,99999.00,99999.00,99999.00,99999.00,99999.00,99999.00,99999.00,99999.00,99999.00,99999.00,99999.00,99999.00,99999.00,99999.00, 490.80, 475.72, 461.85, 448.94, 436.82, 425.35, 414.43, 404.01, 394.01, 384.39, 375.10, 366.12, 357.42, 348.97, 340.75, 332.74, 324.93, 317.31, 309.85, 302.56, 295.42, 288.41, 281.55, 274.80, 268.18, 261.67, 255.19, 248.73, 242.29, 235.76, 229.09, 222.29, 215.37, 208.30, 201.07, 193.67, 186.07, 178.26, 170.14, 161.64, 152.73, 143.38, 133.56, 123.24, 112.38, 100.94,  88.89,  76.16,  62.71,  48.47,  33.35,  17.25,   0.00,99999.00,99999.00,99999.00,99999.00,99999.00,99999.00,99999.00,99999.00,99999.00,99999.00,99999.00,99999.00,99999.00,99999.00,99999.00,99999.00,   0.00,  22.63,  45.02,  67.50,  90.41,99999.00,99999.00,99999.00,99999.00,99999.00,99999.00,99999.00,99999.00,99999.00,99999.00,99999.00,99999.00,99999.00,99999.00,99999.00
99999.00,99999.00,99999.00,99999.00,99999.00,99999.00,99999.00,99999.00,99999.00,99999.00,99999.00,99999.00,99999.00,99999.00,99999.00,99999.00,99999.00,99999.00,99999.00,99999.00,99999.00,99999.00,99999.00,99999.00,99999.00,99999.00,99999.00,99999.00,99999.00,99999.00,99999.00,99999.00,99999.00,99999.00,99999.00,99999.00,99999.00,99999.00,99999.00, 492.41, 477.34, 463.47, 450.56, 438.43, 426.96, 416.05, 405.62, 395.62, 386.00, 376.72, 367.74, 359.03, 350.58, 342.36, 334.36, 326.55, 318.92, 311.47, 304.17, 297.03, 290.03, 283.16, 276.42, 269.80, 263.28, 256.80, 250.36, 243.88, 237.32, 230.66, 223.89, 216.99, 209.96, 202.77, 195.41, 187.79, 179.99, 171.97, 163.57, 154.77, 145.53, 135.85, 125.67, 114.97, 103.61,  91.29,  78.27,  64.47,  49.85,  34.31,  17.74,   0.00,99999.00,99999.00,99999.00,99999.00,99999.00,99999.00,99999.00,99999.00,99999.00,99999.00,99999.00,99999.00,99999.00,99999.00,99999.00,99999.00,   0.00,  23.13,  45.98,  68.88,  92.18,99999.00,99999.00,99999.00,99999.00,99999.00,99999.00,99999.00,99999.00,99999.00,99999.00,99999.00,99999.00,99999.00,99999.00,99999.00
99999.00,99999.00,99999.00,99999.00,99999.00,99999.00,99999.00,99999.00,99999.00,99999.00,99999.00,99999.00,99999.00,99999.00,99999.00,99999.00,99999.00,99999.00,99999.00,99999.00,99999.00,99999.00,99999.00,99999.00,99999.00,99999.00,99999.00,99999.00,99999.00,99999.00,99999.00,99999.00,99999.00,99999.00,99999.00,99999.00,99999.00,99999.00,99999.00, 494.07, 479.00, 465.13, 452.22, 440.09, 428.62, 417.71, 407.28, 397.28, 387.66, 378.38, 369.40, 360.69, 352.24, 344.02, 336.01, 328.21, 320.58, 313.13, 305.83, 298.69, 291.69, 284.82, 278.08, 271.46, 264.96, 258.46, 251.98, 245.53, 238.99, 232.37, 225.64, 218.80, 211.82, 204.63, 197.29, 189.79, 182.10, 174.22, 165.97, 157.34, 148.30, 138.82, 128.79, 117.90, 106.42,  94.02,  80.68,  66.51,  51.46,  35.43,  18.32,   0.00,99999.00,99999.00,99999.00,99999.00,99999.00,99999.00,99999.00,99999.00,99999.00,99999.00,99999.00,99999.00,99999.00,99999.00,99999.00,99999.00,   0.00,  23.71,  47.10,  70.49,  94.21,99999.00,99999.00,99999.00,99999.00,99999.00,99999.00,99999.00,99999.00,99999.00,99999.00,99999.00,99999.00,99999.00,99999.00,99999.00
99999.00,99999.00,99999.00,99999.00,99999.00,99999.00,99999.00,99999.00,99999.00,99999.00,99999.00,99999.00,99999.00,99999.00,99999.00,99999.00,99999.00,99999.00,99999.00,99999.00,99999.00,99999.00,99999.00,99999.00,99999.00,99999.00,99999.00,99999.00,99999.00,99999.00,99999.00,99999.00,99999.00,99999.00,99999.00,99999.00,99999.00,99999.00,99999.00, 495.76, 480.69, 466.82, 453.91, 441.78, 430.31, 419.40, 408.97, 398.97, 389.35, 380.07, 371.09, 362.38, 353.93, 345.71, 337.70, 329.90, 322.27, 314.82, 307.52, 300.38, 293.38, 286.51, 279.77, 273.16, 266.63, 260.15, 253.71, 247.30, 240.82, 234.25, 227.59, 220.75, 213.81, 206.74, 199.55, 192.20, 184.69, 177.00, 168.98, 160.59, 151.74, 142.13, 132.05, 121.16, 109.47,  97.11,  83.67,  69.10,  53.55,  36.91,  19.11,   0.00,99999.00,99999.00,99999.00,99999.00,99999.00,99999.00,99999.00,99999.00,99999.00,99999.00,99999.00,99999.00,99999.00,99999.00,99999.00,99999.00,   0.00,  24.49,  48.59,  72.58,  96.81,99999.00,99999.00,99999.00,99999.00,99999.00,99999.00,99999.00,99999.00,99999.00,99999.00,99999.00,99999.00,99999.00,99999.00,99999.00
99999.00,99999.00,99999.00,99999.00,99999.00,99999.00,99999.00,99999.00,99999.00,99999.00,99999.00,99999.00,99999.00,99999.00,99999.00,99999.00,99999.00,99999.00,99999.00,99999.00,99999.00,99999.00,99999.00,99999.00,99999.00,99999.00,99999.00,99999.00,99999.00,99999.00,99999.00,99999.00,99999.00,99999.00,99999.00,99999.00,99999.00,99999.00,99999.00, 497.43, 482.36, 468.49, 455.58, 443.45, 431.98, 421.07, 410.64, 400.64, 391.02, 381.74, 372.76, 364.05, 355.60, 347.38, 339.38, 331.57, 323.94, 316.49, 309.20, 302.05, 295.05, 288.18, 281.44, 274.90, 268.41, 261.98, 255.59, 249.24, 242.83, 236.28, 229.66, 222.96, 216.16, 209.27, 202.26, 195.12, 187.85, 180.44, 172.63, 164.16, 155.30, 145.75, 135.53, 124.78, 113.15, 100.60,  87.27,  72.26,  56.08,  38.72,  20.06,   0.00,99999.00,99999.00,99999.00,99999.00,99999.00,99999.00,99999.00,99999.00,99999.00,99999.00,99999.00,99999.00,99999.00,99999.00,99999.00,99999.00,   0.00,  25.45,  50.39,  75.11,  99.96,99999.00,99999.00,99999.00,99999.00,99999.00,99999.00,99999.00,99999.00,99999.00,99999.00,99999.00,99999.00,99999.00,99999.00,99999.00
99999.00,99999.00,99999.00,99999.00,99999.00,99999.00,99999.00,99999.00,99999.00,99999.00,99999.00,99999.00,99999.00,99999.00,99999.00,99999.00,99999.00,99999.00,99999.00,99999.00,99999.00,99999.00,99999.00,99999.00,99999.00,99999.00,99999.00,99999.00,99999.00,99999.00,99999.00,99999.00,99999.00,99999.00,99999.00,99999.00,99999.00,99999.00,99999.00, 499.18, 484.10, 470.24, 457.33, 445.20, 433.73, 422.82, 412.39, 402.39, 392.77, 383.49, 374.50, 365.80, 357.35, 349.13, 341.12, 333.31, 325.69, 318.24, 310.94, 303.80, 296.80, 289.97, 283.25, 276.76, 270.33, 263.96, 257.65, 251.32, 244.96, 238.55, 232.08, 225.55, 218.96, 212.28, 205.53, 198.69, 191.66, 184.17, 176.39, 168.01, 159.06, 149.70, 139.66, 128.90, 117.55, 104.73,  91.01,  75.98,  59.13,  40.94,  21.26,   0.00,99999.00,99999.00,99999.00,99999.00,99999.00,99999.00,99999.00,99999.00,99999.00,99999.00,99999.00,99999.00,99999.00,99999.00,99999.00,99999.00,   0.00,  26.64,  52.61,  78.16, 103.68,99999.00,99999.00,99999.00,99999.00,99999.00,99999.00,99999.00,99999.00,99999.00,99999.00,99999.00,99999.00,99999.00,99999.00,99999.00
99999.00,99999.00,99999.00,99999.00,99999.00,99999.00,99999.00,99999.00,99999.00,99999.00,99999.00,99999.00,99999.00,99999.00,99999.00,99999.00,99999.00,99999.00,99999.00,99999.00,99999.00,99999.00,99999.00,99999.00,99999.00,99999.00,99999.00,99999.00,99999.00,99999.00,99999.00,99999.00,99999.00,99999.00,99999.00,99999.00,99999.00,99999.00,99999.00, 500.99, 485.91, 472.04, 459.14, 447.01, 435.54, 424.63, 414.20, 404.20, 394.58, 385.29, 376.31, 367.61, 359.16, 350.94, 342.93, 335.12, 327.50, 320.04, 312.75, 305.61, 298.61, 291.83, 285.19, 278.76, 272.41, 266.07, 259.81, 253.62, 247.42, 241.19, 234.93, 228.63, 222.30, 215.93, 209.42, 202.52, 195.53, 188.17, 180.31, 172.16, 163.45, 154.24, 144.59, 133.66, 122.05, 109.40,  95.27,  80.17,  64.04,  46.75,99999.00,99999.00,99999.00,99999.00,99999.00,99999.00,99999.00,99999.00,99999.00,99999.00,99999.00,99999.00,99999.00,99999.00,99999.00,99999.00,99999.00,99999.00,99999.00,99999.00,  60.81,  85.87, 111.24,99999.00,99999.00,99999.00,99999.00,99999.00,99999.00,99999.00,99999.00,99999.00,99999.00,99999.00,99999.00,99999.00,99999.00,99999.00
99999.00,99999.00,99999.00,99999.00,99999.00,99999.00,99999.00,99999.00,99999.00,99999.00,99999.00,99999.00,99999.00,99999.00,99999.00,99999.00,99999.00,99999.00,99999.00,99999.00,99999.00,99999.00,99999.00,99999.00,99999.00,99999.00,99999.00,99999.00,99999.00,99999.00,99999.00,99999.00,99999.00,99999.00,99999.00,99999.00,99999.00,99999.00,99999.00, 502.82, 487.74, 473.87, 460.96, 448.84, 437.37, 426.45, 416.03, 406.03, 396.41, 387.12, 378.14, 369.44, 360.99, 352.77, 344.76, 336.95, 329.33, 321.87, 314.58, 307.49, 300.55, 293.84, 287.30, 280.89, 274.60, 268.40, 262.30, 256.30, 250.30, 244.31, 238.31, 232.32, 226.24, 219.82, 213.37, 206.59, 199.54, 192.42, 184.84, 176.93, 168.73, 159.40, 149.56, 138.89, 127.00, 114.46, 101.31,  87.55,  75.21,99999.00,99999.00,99999.00,99999.00,99999.00,99999.00,99999.00,99999.00,99999.00,99999.00,99999.00,99999.00,99999.00,99999.00,99999.00,99999.00,99999.00,99999.00,99999.00,99999.00,99999.00,99999.00,  99.68, 121.00,99999.00,99999.00,99999.00,99999.00,99999.00,99999.00,99999.00,99999.00,99999.00,99999.00,99999.00,99999.00,99999.00,99999.00,99999.00
99999.00,99999.00,99999.00,99999.00,99999.00,99999.00,99999.00,99999.00,99999.00,99999.00,99999.00,99999.00,99999.00,99999.00,99999.00,99999.00,99999.00,99999.00,99999.00,99999.00,99999.00,99999.00,99999.00,99999.00,99999.00,99999.00,99999.00,99999.00,99999.00,99999.00,99999.00,99999.00,99999.00,99999.00,99999.00,99999.00,99999.00,99999.00,99999.00, 504.74, 489.66, 475.79, 462.88, 450.76, 439.28, 428.37, 417.95, 407.95, 398.33, 389.04, 380.06, 371.36, 362.91, 354.69, 346.68, 338.87, 331.25, 323.79, 316.52, 309.50, 302.65, 295.97, 289.49, 283.24, 277.10, 271.09, 265.20, 259.44, 253.71, 248.02, 242.28, 236.25, 230.23, 223.93, 217.42, 210.90, 204.13, 197.29, 190.33, 182.36, 174.00, 164.97, 154.89, 144.41, 133.59, 122.54, 111.71, 101.86,99999.00,99999.00,99999.00,99999.00,99999.00,99999.00,99999.00,99999.00,99999.00,99999.00,99999.00,99999.00,99999.00,99999.00,99999.00,99999.00,99999.00,99999.00,99999.00,99999.00,99999.00,99999.00,99999.00,99999.00, 138.59,99999.00,99999.00,99999.00,99999.00,99999.00,99999.00,99999.00,99999.00,99999.00,99999.00,99999.00,99999.00,99999.00,99999.00,99999.00
99999.00,99999.00,99999.00,99999.00,99999.00,99999.00,99999.00,99999.00,99999.00,99999.00,99999.00,99999.00,99999.00,99999.00,99999.00,99999.00,99999.00,99999.00,99999.00,99999.00,99999.00,99999.00,99999.00,99999.00,99999.00,99999.00,99999.00,99999.00,99999.00,99999.00,99999.00,99999.00,99999.00,99999.00,99999.00,99999.00,99999.00,99999.00,99999.00, 506.68, 491.60, 477.73, 464.82, 452.70, 441.23, 430.32, 419.89, 409.89, 400.27, 390.98, 382.00, 373.30, 364.85, 356.63, 348.62, 340.81, 333.19, 325.80, 318.63, 311.63, 304.85, 298.31, 292.01, 285.94, 280.01, 274.24, 268.61, 263.15, 257.68, 251.95, 246.27, 240.37, 234.29, 228.25, 222.02, 215.78, 209.53, 202.88, 195.78, 188.12, 179.54, 170.72, 161.74, 152.71, 143.17, 134.10, 126.29, 118.10,99999.00,99999.00,99999.00,99999.00,99999.00,99999.00,99999.00,99999.00,99999.00,99999.00,99999.00,99999.00,99999.00,99999.00,99999.00,99999.00,99999.00,99999.00,99999.00,99999.00,99999.00,99999.00,99999.00,99999.00, 161.96,99999.00,99999.00,99999.00,99999.00,99999.00,99999.00,99999.00,99999.00,99999.00,99999.00,99999.00,99999.00,99999.00,99999.00,99999.00
99999.00,99999.00,99999.00,99999.00,99999.00,99999.00,99999.00,99999.00,99999.00,99999.00,99999.00,99999.00,99999.00,99999.00,99999.00,99999.00,99999.00,99999.00,99999.00,99999.00,99999.00,99999.00,99999.00,99999.00,99999.00,99999.00,99999.00,99999.00,99999.00,99999.00,99999.00,99999.00,99999.00,99999.00,99999.00,99999.00,99999.00,99999.00,99999.00, 508.70, 493.63, 479.76, 466.85, 454.72, 443.25, 432.34, 421.92, 411.92, 402.30, 393.01, 384.03, 375.33, 366.87, 358.65, 350.65, 342.85, 335.29, 327.93, 320.82, 313.97, 307.36, 301.01, 294.91, 289.08, 283.42, 277.95, 272.57, 267.07, 261.66, 256.05, 250.32, 244.66, 238.86, 232.98, 227.07, 221.24, 215.19, 208.75, 201.44, 193.99, 186.39, 178.46, 170.60, 162.37, 154.80, 147.22, 140.68, 137.30,99999.00,99999.00,99999.00,99999.00,99999.00,99999.00,99999.00,99999.00,99999.00,99999.00,99999.00,99999.00,99999.00,99999.00,99999.00,99999.00,99999.00,99999.00,99999.00,99999.00,99999.00,99999.00,99999.00,99999.00, 189.84,99999.00,99999.00,99999.00,99999.00,99999.00,99999.00,99999.00,99999.00,99999.00,99999.00,99999.00,99999.00,99999.00,99999.00,99999.00
99999.00,99999.00,99999.00,99999.00,99999.00,99999.00,99999.00,99999.00,99999.00,99999.00,99999.00,99999.00,99999.00,99999.00,99999.00,99999.00,99999.00,99999.00,99999.00,99999.00,99999.00,99999.00,99999.00,99999.00,99999.00,99999.00,99999.00,99999.00,99999.00,99999.00,99999.00,99999.00,99999.00,99999.00,99999.00,99999.00,99999.00,99999.00,99999.00, 510.81, 495.73, 481.86, 468.95, 456.83, 445.36, 434.45, 424.02, 414.02, 404.40, 395.11, 386.13, 377.43, 368.98, 360.76, 352.75, 344.98, 337.49, 330.28, 323.33, 316.67, 310.27, 304.16, 298.32, 292.80, 287.32, 281.87, 276.47, 271.15, 265.68, 260.22, 254.78, 249.23, 243.61, 238.01, 232.54, 226.96, 221.00, 214.56, 207.90, 201.17, 194.19, 187.37, 180.30, 173.59, 166.87, 161.80, 156.88, 156.46,99999.00,99999.00,99999.00,99999.00,99999.00,99999.00,99999.00,99999.00,99999.00,99999.00,99999.00,99999.00,99999.00,99999.00,99999.00,99999.00,99999.00,99999.00,99999.00,99999.00,99999.00,99999.00,99999.00,99999.00, 217.67,99999.00,99999.00,99999.00,99999.00,99999.00,99999.00,99999.00,99999.00,99999.00,99999.00,99999.00,99999.00,99999.00,99999.00,99999.00
99999.00,99999.00,99999.00,99999.00,99999.00,99999.00,99999.00,99999.00,99999.00,99999.00,99999.00,99999.00,99999.00,99999.00,99999.00,99999.00,99999.00,99999.00,99999.00,99999.00,99999.00,99999.00,99999.00,99999.00,99999.00,99999.00,99999.00,99999.00,99999.00,99999.00,99999.00,99999.00,99999.00,99999.00,99999.00,99999.00,99999.00,99999.00,99999.00, 512.94, 497.86, 483.99, 471.08, 458.96, 447.49, 436.58, 426.15, 416.15, 406.53, 397.24, 388.26, 379.56, 371.11, 362.89, 354.95, 347.33, 340.00, 332.98, 326.24, 319.81, 313.68, 307.86, 302.23, 296.71, 291.24, 285.84, 280.52, 275.21, 269.92, 264.67, 259.32, 253.95, 248.61, 243.47, 238.31, 232.82, 226.97, 221.06, 215.13, 209.02, 203.14, 197.11, 190.77, 185.25, 179.99, 176.16, 174.18, 175.54,99999.00,99999.00,99999.00,99999.00,99999.00,99999.00,99999.00,99999.00,99999.00,99999.00,99999.00,99999.00,99999.00,99999.00,99999.00,99999.00,99999.00,99999.00,99999.00,99999.00,99999.00,99999.00,99999.00,99999.00, 245.42,99999.00,99999.00,99999.00,99999.00,99999.00,99999.00,99999.00,99999.00,99999.00,99999.00,99999.00,99999.00,99999.00,99999.00,99999.00
99999.00,99999.00,99999.00,99999.00,99999.00,99999.00,99999.00,99999.00,99999.00,99999.00,99999.00,99999.00,99999.00,99999.00,99999.00,99999.00,99999.00,99999.00,99999.00,99999.00,99999.00,99999.00,99999.00,99999.00,99999.00,99999.00,99999.00,99999.00,99999.00,99999.00,99999.00,99999.00,99999.00,99999.00,99999.00,99999.00,99999.00,99999.00,99999.00, 515.16, 500.08, 486.22, 473.31, 461.18, 449.71, 438.80, 428.37, 418.37, 408.75, 399.46, 390.48, 381.78, 373.33, 365.23, 357.46, 350.03, 342.91, 336.12, 329.65, 323.51, 317.57, 311.76, 306.14, 300.63, 295.20, 289.88, 284.58, 279.43, 274.34, 269.18, 264.01, 258.92, 254.05, 249.28, 244.21, 238.83, 233.52, 228.33, 223.02, 217.69, 212.36, 206.92, 202.02, 197.33, 194.55, 191.99, 191.43, 194.53,99999.00,99999.00,99999.00,99999.00,99999.00,99999.00,99999.00,99999.00,99999.00,99999.00,99999.00,99999.00,99999.00,99999.00,99999.00,99999.00,99999.00,99999.00,99999.00,99999.00,99999.00,99999.00,99999.00,99999.00, 273.08,99999.00,99999.00,99999.00,99999.00,99999.00,99999.00,99999.00,99999.00,99999.00,99999.00,99999.00,99999.00,99999.00,99999.00,99999.00
99999.00,99999.00,99999.00,99999.00,99999.00,99999.00,99999.00,99999.00,99999.00,99999.00,99999.00,99999.00,99999.00,99999.00,99999.00,99999.00,99999.00,99999.00,99999.00,99999.00,99999.00,99999.00,99999.00,99999.00,99999.00,99999.00,99999.00,99999.00,99999.00,99999.00,99999.00,99999.00,99999.00,99999.00,99999.00,99999.00,99999.00,99999.00,99999.00, 517.47, 502.39, 488.52, 475.61, 463.49, 452.02, 441.10, 430.68, 420.68, 411.06, 401.77, 392.79, 384.13, 375.84, 367.93, 360.37, 353.17, 346.32, 339.82, 333.54, 327.42, 321.47, 315.67, 310.05, 304.59, 299.25, 293.94, 288.80, 283.82, 278.83, 273.84, 268.96, 264.32, 259.90, 255.22, 250.26, 245.42, 240.82, 236.05, 231.20, 226.69, 222.14, 217.42, 213.69, 210.43, 208.87, 207.79, 208.62, 213.42,99999.00,99999.00,99999.00,99999.00,99999.00,99999.00,99999.00,99999.00,99999.00,99999.00,99999.00,99999.00,99999.00,99999.00,99999.00,99999.00,99999.00,99999.00,99999.00,99999.00,99999.00,99999.00,99999.00,99999.00, 300.65,99999.00,99999.00,99999.00,99999.00,99999.00,99999.00,99999.00,99999.00,99999.00,99999.00,99999.00,99999.00,99999.00,99999.00,99999.00
99999.00,99999.00,99999.00,99999.00,99999.00,99999.00,99999.00,99999.00,99999.00,99999.00,99999.00,99999.00,99999.00,99999.00,99999.00,99999.00,99999.00,99999.00,99999.00,99999.00,99999.00,99999.00,99999.00,99999.00,99999.00,99999.00,99999.00,99999.00,99999.00,99999.00,99999.00,99999.00,99999.00,99999.00,99999.00,99999.00,99999.00,99999.00,99999.00, 519.90, 504.83, 490.96, 478.05, 465.92, 454.45, 443.54, 433.12, 423.12, 413.49, 404.21, 395.30, 386.83, 378.75, 371.07, 363.78, 356.87, 350.21, 343.72, 337.45, 331.33, 325.39, 319.59, 314.02, 308.64, 303.31, 298.16, 293.19, 288.28, 283.46, 278.75, 274.32, 270.18, 265.86, 261.29, 256.87, 252.37, 248.13, 243.99, 239.92, 235.94, 231.98, 228.68, 225.77, 224.04, 223.47, 223.55, 225.74, 232.23,99999.00,99999.00,99999.00,99999.00,99999.00,99999.00,99999.00,99999.00,99999.00,99999.00,99999.00,99999.00,99999.00,99999.00,99999.00,99999.00,99999.00,99999.00,99999.00,99999.00,99999.00,99999.00,99999.00,99999.00, 328.13,99999.00,99999.00,99999.00,99999.00,99999.00,99999.00,99999.00,99999.00,99999.00,99999.00,99999.00,99999.00,99999.00,99999.00,99999.00
99999.00,99999.00,99999.00,99999.00,99999.00,99999.00,99999.00,99999.00,99999.00,99999.00,99999.00,99999.00,99999.00,99999.00,99999.00,99999.00,99999.00,99999.00,99999.00,99999.00,99999.00,99999.00,99999.00,99999.00,99999.00,99999.00,99999.00,99999.00,99999.00,99999.00,99999.00,99999.00,99999.00,99999.00,99999.00,99999.00,99999.00,99999.00,99999.00, 522.48, 507.40, 493.53, 480.62, 468.50, 457.03, 446.11, 435.69, 425.69, 416.07, 406.91, 398.21, 389.97, 382.16, 374.78, 367.67, 360.77, 354.11, 347.64, 341.36, 335.24, 329.30, 323.55, 318.07, 312.70, 307.53, 302.55, 297.65, 292.88, 288.33, 284.08, 280.10, 276.16, 271.96, 267.74, 263.57, 259.70, 255.89, 252.20, 248.94, 245.74, 242.49, 240.36, 238.48, 237.63, 238.06, 239.28, 242.81, 250.49,99999.00,99999.00,99999.00,99999.00,99999.00,99999.00,99999.00,99999.00,99999.00,99999.00,99999.00,99999.00,99999.00,99999.00,99999.00,99999.00,99999.00,99999.00,99999.00,99999.00,99999.00,99999.00,99999.00,99999.00, 355.53,99999.00,99999.00,99999.00,99999.00,99999.00,99999.00,99999.00,99999.00,99999.00,99999.00,99999.00,99999.00,99999.00,99999.00,99999.00
99999.00,99999.00,99999.00,99999.00,99999.00,99999.00,99999.00,99999.00,99999.00,99999.00,99999.00,99999.00,99999.00,99999.00,99999.00,99999.00,99999.00,99999.00,99999.00,99999.00,99999.00,99999.00,99999.00,99999.00,99999.00,99999.00,99999.00,99999.00,99999.00,99999.00,99999.00,99999.00,99999.00,99999.00,99999.00,99999.00,99999.00,99999.00,99999.00, 525.21, 510.14, 496.27, 483.36, 471.23, 459.76, 448.85, 438.42, 428.42, 418.97, 410.05, 401.62, 393.67, 386.05, 378.68, 371.57, 364.69, 358.02, 351.55, 345.27, 339.20, 333.27, 327.60, 322.12, 316.92, 311.92, 307.01, 302.25, 297.72, 293.62, 289.68, 285.98, 282.18, 278.18, 274.38, 270.55, 267.04, 263.84, 260.94, 258.21, 255.60, 253.71, 252.29, 251.20, 251.21, 252.62, 254.97, 259.84, 267.47,99999.00,99999.00,99999.00,99999.00,99999.00,99999.00,99999.00,99999.00,99999.00,99999.00,99999.00,99999.00,99999.00,99999.00,99999.00,99999.00,99999.00,99999.00,99999.00,99999.00,99999.00,99999.00,99999.00,99999.00, 382.86,99999.00,99999.00,99999.00,99999.00,99999.00,99999.00,99999.00,99999.00,99999.00,99999.00,99999.00,99999.00,99999.00,99999.00,99999.00
99999.00,99999.00,99999.00,99999.00,99999.00,99999.00,99999.00,99999.00,99999.00,99999.00,99999.00,99999.00,99999.00,99999.00,99999.00,99999.00,99999.00,99999.00,99999.00,99999.00,99999.00,99999.00,99999.00,99999.00,99999.00,99999.00,99999.00,99999.00,99999.00,99999.00,99999.00,99999.00,99999.00,99999.00,99999.00,99999.00,99999.00,99999.00,99999.00, 528.10, 513.02, 499.15, 486.24, 474.12, 462.65, 451.74, 441.34, 431.57, 422.38, 413.75, 405.51, 397.58, 389.95, 382.59, 375.48, 368.60, 361.94, 355.51, 349.24, 343.17, 337.31, 331.66, 326.34, 321.31, 316.38, 311.61, 307.09, 303.01, 299.10, 295.43, 291.98, 288.29, 284.64, 281.09, 277.90, 274.81, 272.07, 269.98, 268.03, 266.12, 264.93, 264.22, 263.91, 264.80, 267.20, 270.68, 276.87, 284.54,99999.00,99999.00,99999.00,99999.00,99999.00,99999.00,99999.00,99999.00,99999.00,99999.00,99999.00,99999.00,99999.00,99999.00,99999.00,99999.00,99999.00,99999.00,99999.00,99999.00,99999.00,99999.00,99999.00,99999.00, 410.20,99999.00,99999.00,99999.00,99999.00,99999.00,99999.00,99999.00,99999.00,99999.00,99999.00,99999.00,99999.00,99999.00,99999.00,99999.00
99999.00,99999.00,99999.00,99999.00,99999.00,99999.00,99999.00,99999.00,99999.00,99999.00,99999.00,99999.00,99999.00,99999.00,99999.00,99999.00,99999.00,99999.00,99999.00,99999.00,99999.00,99999.00,99999.00,99999.00,99999.00,99999.00,99999.00,99999.00,99999.00,99999.00,99999.00,99999.00,99999.00,99999.00,99999.00,99999.00,99999.00,99999.00,99999.00, 531.18, 516.11, 502.24, 489.33, 477.20, 465.73, 454.88, 444.75, 435.27, 426.27, 417.66, 409.42, 401.49, 393.86, 386.51, 379.40, 372.56, 365.90, 359.48, 353.27, 347.22, 341.37, 335.88, 330.74, 325.77, 320.98, 316.45, 312.38, 308.47, 304.63, 301.32, 298.00, 294.52, 291.29, 288.08, 285.24, 282.78, 280.82, 279.26, 277.89, 276.71, 276.19, 276.21, 276.70, 278.47, 281.85, 286.46, 293.22, 301.71,99999.00,99999.00,99999.00,99999.00,99999.00,99999.00,99999.00,99999.00,99999.00,99999.00,99999.00,99999.00,99999.00,99999.00,99999.00,99999.00,99999.00,99999.00,99999.00,99999.00,99999.00,99999.00,99999.00,99999.00, 437.60,99999.00,99999.00,99999.00,99999.00,99999.00,99999.00,99999.00,99999.00,99999.00,99999.00,99999.00,99999.00,99999.00,99999.00,99999.00
99999.00,99999.00,99999.00,99999.00,99999.00,99999.00,99999.00,99999.00,99999.00,99999.00,99999.00,99999.00,99999.00,99999.00,99999.00,99999.00,99999.00,99999.00,99999.00,99999.00,99999.00,99999.00,99999.00,99999.00,99999.00,99999.00,99999.00,99999.00,99999.00,99999.00,99999.00,99999.00,99999.00,99999.00,99999.00,99999.00,99999.00,99999.00,99999.00, 534.51, 519.44, 505.57, 492.66, 480.53, 469.14, 458.58, 448.64, 439.17, 430.18, 421.57, 413.33, 405.40, 397.78, 390.46, 383.36, 376.53, 369.94, 363.52, 357.32, 351.27, 345.59, 340.27, 335.20, 330.37, 325.82, 321.74, 317.82, 313.95, 310.38, 307.32, 304.11, 300.98, 298.00, 295.42, 293.01, 291.01, 289.73, 288.72, 287.94, 287.39, 287.54, 288.30, 289.57, 292.23, 296.60, 302.33, 309.13, 318.96,99999.00,99999.00,99999.00,99999.00,99999.00,99999.00,99999.00,99999.00,99999.00,99999.00,99999.00,99999.00,99999.00,99999.00,99999.00,99999.00,99999.00,99999.00,99999.00,99999.00,99999.00,99999.00,99999.00,99999.00, 456.00,99999.00,99999.00,99999.00,99999.00,99999.00,99999.00,99999.00,99999.00,99999.00,99999.00,99999.00,99999.00,99999.00,99999.00,99999.00
99999.00,99999.00,99999.00,99999.00,99999.00,99999.00,99999.00,99999.00,99999.00,99999.00,99999.00,99999.00,99999.00,99999.00,99999.00,99999.00,99999.00,99999.00,99999.00,99999.00,99999.00,99999.00,99999.00,99999.00,99999.00,99999.00,99999.00,99999.00,99999.00,99999.00,99999.00,99999.00,99999.00,99999.00,99999.00,99999.00,99999.00,99999.00,99999.00, 538.11, 523.04, 509.17, 496.26, 484.23, 473.03, 462.48, 452.54, 443.08, 434.09, 425.48, 417.24, 409.36, 401.75, 394.43, 387.40, 380.57, 373.98, 367.58, 361.37, 355.49, 349.99, 344.73, 339.79, 335.21, 331.11, 327.18, 323.28, 319.48, 316.34, 313.33, 310.33, 307.62, 304.98, 302.76, 301.02, 299.53, 296.36, 293.14, 290.43, 288.03, 286.36, 284.97, 284.51, 285.10, 286.10, 289.34, 295.24, 302.83,99999.00,99999.00,99999.00,99999.00,99999.00,99999.00,99999.00,99999.00,99999.00,99999.00,99999.00,99999.00,99999.00,99999.00,99999.00,99999.00,99999.00,99999.00,99999.00,99999.00,99999.00,99999.00,99999.00,99999.00, 428.50,99999.00,99999.00,99999.00,99999.00,99999.00,99999.00,99999.00,99999.00,99999.00,99999.00,99999.00,99999.00,99999.00,99999.00,99999.00
99999.00,99999.00,99999.00,99999.00,99999.00,99999.00,99999.00,99999.00,99999.00,99999.00,99999.00,99999.00,99999.00,99999.00,99999.00,99999.00,99999.00,99999.00,99999.00,99999.00,99999.00,99999.00,99999.00,99999.00,99999.00,99999.00,99999.00,99999.00,99999.00,99999.00,99999.00,99999.00,99999.00,99999.00,99999.00,99999.00,99999.00,99999.00,99999.00, 542.00, 526.93, 513.06, 500.15, 488.13, 476.94, 466.40, 456.45, 447.00, 438.01, 429.44, 421.21, 413.33, 405.78, 398.48, 391.45, 384.63, 378.04, 371.69, 365.59, 359.89, 354.44, 349.33, 344.63, 340.50, 336.55, 332.63, 328.76, 325.23, 322.40, 318.92, 314.26, 309.54, 305.16, 300.85, 296.60, 292.37, 288.30, 284.50, 281.08, 277.64, 275.19, 272.80, 271.54, 271.24, 271.25, 273.36, 277.93, 285.56,99999.00,99999.00,99999.00,99999.00,99999.00,99999.00,99999.00,99999.00,99999.00,99999.00,99999.00,99999.00,99999.00,99999.00,99999.00,99999.00,99999.00,99999.00,99999.00,99999.00,99999.00,99999.00,99999.00,99999.00, 400.89,99999.00,99999.00,99999.00,99999.00,99999.00,99999.00,99999.00,99999.00,99999.00,99999.00,99999.00,99999.00,99999.00,99999.00,99999.00
99999.00,99999.00,99999.00,99999.00,99999.00,99999.00,99999.00,99999.00,99999.00,99999.00,99999.00,99999.00,99999.00,99999.00,99999.00,99999.00,99999.00,99999.00,99999.00,99999.00,99999.00,99999.00,99999.00,99999.00,99999.00,99999.00,99999.00,99999.00,99999.00,99999.00,99999.00,99999.00,99999.00,99999.00,99999.00,99999.00,99999.00,99999.00,99999.00, 545.90, 530.83, 516.96, 504.05, 492.05, 480.85, 470.31, 460.37, 450.96, 441.97, 433.41, 425.24, 417.38, 409.83, 402.53, 395.50, 388.74, 382.23, 375.91, 369.99, 364.35, 359.04, 354.17, 349.92, 345.94, 341.99, 336.38, 330.45, 324.89, 319.57, 314.32, 309.20, 304.27, 299.22, 294.47, 289.93, 285.22, 280.55, 276.27, 271.82, 267.78, 263.98, 260.79, 258.47, 257.28, 256.29, 257.25, 260.48, 268.17,99999.00,99999.00,99999.00,99999.00,99999.00,99999.00,99999.00,99999.00,99999.00,99999.00,99999.00,99999.00,99999.00,99999.00,99999.00,99999.00,99999.00,99999.00,99999.00,99999.00,99999.00,99999.00,99999.00,99999.00, 373.13,99999.00,99999.00,99999.00,99999.00,99999.00,99999.00,99999.00,99999.00,99999.00,99999.00,99999.00,99999.00,99999.00,99999.00,99999.00
99999.00,99999.00,99999.00,99999.00,99999.00,99999.00,99999.00,99999.00,99999.00,99999.00,99999.00,99999.00,99999.00,99999.00,99999.00,99999.00,99999.00,99999.00,99999.00,99999.00,99999.00,99999.00,99999.00,99999.00,99999.00,99999.00,99999.00,99999.00,99999.00,99999.00,99999.00,99999.00,99999.00,99999.00,99999.00,99999.00,99999.00,99999.00,99999.00, 549.82, 534.74, 520.87, 507.96, 495.96, 484.76, 474.27, 464.33, 454.92, 446.00, 437.46, 429.29, 421.43, 413.88, 406.64, 399.69, 392.96, 386.45, 380.30, 374.45, 368.94, 363.88, 359.46, 353.88, 347.22, 340.74, 334.23, 327.77, 321.58, 315.63, 309.99, 304.57, 299.23, 293.91, 288.44, 283.22, 278.20, 273.15, 268.05, 263.00, 258.25, 253.38, 249.41, 245.37, 243.20, 241.20, 241.01, 242.88, 249.29,99999.00,99999.00,99999.00,99999.00,99999.00,99999.00,99999.00,99999.00,99999.00,99999.00,99999.00,99999.00,99999.00,99999.00,99999.00,99999.00,99999.00,99999.00,99999.00,99999.00,99999.00,99999.00,99999.00,99999.00, 345.20,99999.00,99999.00,99999.00,99999.00,99999.00,99999.00,99999.00,99999.00,99999.00,99999.00,99999.00,99999.00,99999.00,99999.00,99999.00
99999.00,99999.00,99999.00,99999.00,99999.00,99999.00,99999.00,99999.00,99999.00,99999.00,99999.00,99999.00,99999.00,99999.00,99999.00,99999.00,99999.00,99999.00,99999.00,99999.00,99999.00,99999.00,99999.00,99999.00,99999.00,99999.00,99999.00,99999.00,99999.00,99999.00,99999.00,99999.00,99999.00,99999.00,99999.00,99999.00,99999.00,99999.00,99999.00, 553.73, 538.66, 524.79, 511.88, 499.92, 488.73, 478.24, 468.36, 458.97, 450.05, 441.51, 433.35, 425.54, 418.07, 410.86, 403.91, 397.23, 390.84, 384.76, 379.04, 372.90, 365.90, 359.03, 352.29, 345.63, 338.99, 332.37, 325.93, 319.43, 312.96, 306.63, 300.43, 294.48, 288.79, 283.04, 277.11, 271.40, 265.84, 260.12, 254.59, 248.80, 243.33, 237.99, 233.13, 228.99, 225.98, 224.62, 225.11, 229.84,99999.00,99999.00,99999.00,99999.00,99999.00,99999.00,99999.00,99999.00,99999.00,99999.00,99999.00,99999.00,99999.00,99999.00,99999.00,99999.00,99999.00,99999.00,99999.00,99999.00,99999.00,99999.00,99999.00,99999.00, 317.07,99999.00,99999.00,99999.00,99999.00,99999.00,99999.00,99999.00,99999.00,99999.00,99999.00,99999.00,99999.00,99999.00,99999.00,99999.00
99999.00,99999.00,99999.00,99999.00,99999.00,99999.00,99999.00,99999.00,99999.00,99999.00,99999.00,99999.00,99999.00,99999.00,99999.00,99999.00,99999.00,99999.00,99999.00,99999.00,99999.00,99999.00,99999.00,99999.00,99999.00,99999.00,99999.00,99999.00,99999.00,99999.00,99999.00,99999.00,99999.00,99999.00,99999.00,99999.00,99999.00,99999.00,99999.00, 557.70, 542.62, 528.75, 515.84, 503.89, 492.76, 482.29, 472.41, 463.03, 454.11, 445.62, 437.53, 429.76, 422.29, 415.14, 408.28, 400.85, 393.23, 385.77, 378.48, 371.34, 364.33, 357.47, 350.72, 344.06, 337.42, 330.80, 324.18, 317.57, 311.11, 304.44, 297.66, 290.92, 284.27, 277.83, 271.63, 265.19, 258.94, 252.71, 246.19, 239.79, 233.60, 227.18, 221.52, 215.65, 211.49, 208.06, 207.16, 210.17,99999.00,99999.00,99999.00,99999.00,99999.00,99999.00,99999.00,99999.00,99999.00,99999.00,99999.00,99999.00,99999.00,99999.00,99999.00,99999.00,99999.00,99999.00,99999.00,99999.00,99999.00,99999.00,99999.00,99999.00, 288.73,99999.00,99999.00,99999.00,99999.00,99999.00,99999.00,99999.00,99999.00,99999.00,99999.00,99999.00,99999.00,99999.00,99999.00,99999.00
99999.00,99999.00,99999.00,99999.00,99999.00,99999.00,99999.00,99999.00,99999.00,99999.00,99999.00,99999.00,99999.00,99999.00,99999.00,99999.00,99999.00,99999.00,99999.00,99999.00,99999.00,99999.00,99999.00,99999.00,99999.00,99999.00,99999.00,99999.00,99999.00,99999.00,99999.00,99999.00,99999.00,99999.00,99999.00,99999.00,99999.00,99999.00,99999.00, 561.70, 546.62, 532.75, 519.87, 507.93, 496.81, 486.34, 476.47, 467.14, 458.29, 449.70, 440.72, 432.01, 423.56, 415.34, 407.33, 399.53, 391.90, 384.45, 377.15, 370.01, 363.01, 356.14, 349.40, 342.73, 336.10, 329.47, 322.85, 316.19, 309.36, 302.48, 295.63, 288.53, 281.29, 274.05, 266.83, 259.64, 252.63, 245.71, 238.66, 231.27, 223.94, 216.91, 209.86, 203.15, 196.95, 191.62, 189.01, 190.28,99999.00,99999.00,99999.00,99999.00,99999.00,99999.00,99999.00,99999.00,99999.00,99999.00,99999.00,99999.00,99999.00,99999.00,99999.00,99999.00,99999.00,99999.00,99999.00,99999.00,99999.00,99999.00,99999.00,99999.00, 260.17,99999.00,99999.00,99999.00,99999.00,99999.00,99999.00,99999.00,99999.00,99999.00,99999.00,99999.00,99999.00,99999.00,99999.00,99999.00
99999.00,99999.00,99999.00,99999.00,99999.00,99999.00,99999.00,99999.00,99999.00,99999.00,99999.00,99999.00,99999.00,99999.00,99999.00,99999.00,99999.00,99999.00,99999.00,99999.00,99999.00,99999.00,99999.00,99999.00,99999.00,99999.00,99999.00,99999.00,99999.00,99999.00,99999.00,99999.00,99999.00,99999.00,99999.00,99999.00,99999.00,99999.00,99999.00, 564.26, 549.19, 535.32, 522.41, 510.28, 498.81, 487.90, 477.47, 467.47, 457.85, 448.57, 439.59, 430.88, 422.43, 414.21, 406.21, 398.40, 390.77, 383.32, 376.02, 368.88, 361.88, 355.01, 348.27, 341.61, 334.97, 328.34, 321.70, 314.97, 308.07, 300.99, 293.70, 286.38, 279.05, 271.43, 263.63, 255.72, 247.70, 239.64, 231.55, 223.63, 215.29, 206.95, 198.81, 191.27, 183.31, 176.80, 170.67, 170.15,99999.00,99999.00,99999.00,99999.00,99999.00,99999.00,99999.00,99999.00,99999.00,99999.00,99999.00,99999.00,99999.00,99999.00,99999.00,99999.00,99999.00,99999.00,99999.00,99999.00,99999.00,99999.00,99999.00,99999.00, 231.36,99999.00,99999.00,99999.00,99999.00,99999.00,99999.00,99999.00,99999.00,99999.00,99999.00,99999.00,99999.00,99999.00,99999.00,99999.00
99999.00,99999.00,99999.00,99999.00,99999.00,99999.00,99999.00,99999.00,99999.00,99999.00,99999.00,99999.00,99999.00,99999.00,99999.00,99999.00,99999.00,99999.00,99999.00,99999.00,99999.00,99999.00,99999.00,99999.00,99999.00,99999.00,99999.00,99999.00,99999.00,99999.00,99999.00,99999.00,99999.00,99999.00,99999.00,99999.00,99999.00,99999.00,99999.00, 563.28, 548.20, 534.33, 521.42, 509.30, 497.83, 486.92, 476.49, 466.49, 456.87, 447.58, 438.60, 429.90, 421.45, 413.23, 405.22, 397.41, 389.79, 382.33, 375.04, 367.90, 360.90, 354.03, 347.29, 340.62, 333.98, 327.35, 320.66, 313.86, 306.88, 299.72, 292.35, 284.75, 276.91, 269.06, 261.15, 252.90, 244.36, 235.57, 226.45, 217.08, 207.59, 198.16, 188.71, 179.35, 170.51, 161.92, 153.84, 149.79,99999.00,99999.00,99999.00,99999.00,99999.00,99999.00,99999.00,99999.00,99999.00,99999.00,99999.00,99999.00,99999.00,99999.00,99999.00,99999.00,99999.00,99999.00,99999.00,99999.00,99999.00,99999.00,99999.00,99999.00, 202.33,99999.00,99999.00,99999.00,99999.00,99999.00,99999.00,99999.00,99999.00,99999.00,99999.00,99999.00,99999.00,99999.00,99999.00,99999.00
99999.00,99999.00,99999.00,99999.00,99999.00,99999.00,99999.00,99999.00,99999.00,99999.00,99999.00,99999.00,99999.00,99999.00,99999.00,99999.00,99999.00,99999.00,99999.00,99999.00,99999.00,99999.00,99999.00,99999.00,99999.00,99999.00,99999.00,99999.00,99999.00,99999.00,99999.00,99999.00,99999.00,99999.00,99999.00,99999.00,99999.00,99999.00,99999.00, 562.38, 547.31, 533.44, 520.53, 508.40, 496.93, 486.02, 475.60, 465.60, 455.97, 446.69, 437.71, 429.00, 420.55, 412.33, 404.33, 396.52, 388.89, 381.44, 374.15, 367.00, 360.00, 353.13, 346.39, 339.73, 333.09, 326.40, 319.66, 312.79, 305.75, 298.51, 291.06, 283.38, 275.45, 267.24, 258.78, 250.28, 241.67, 232.60, 222.95, 212.84, 202.30, 191.41, 180.28, 169.08, 158.35, 147.96, 138.66, 129.22,99999.00,99999.00,99999.00,99999.00,99999.00,99999.00,99999.00,99999.00,99999.00,99999.00,99999.00,99999.00,99999.00,99999.00,99999.00,99999.00,99999.00,99999.00,99999.00,99999.00,99999.00,99999.00,99999.00,99999.00, 173.08,99999.00,99999.00,99999.00,99999.00,99999.00,99999.00,99999.00,99999.00,99999.00,99999.00,99999.00,99999.00,99999.00,99999.00,99999.00
99999.00,99999.00,99999.00,99999.00,99999.00,99999.00,99999.00,99999.00,99999.00,99999.00,99999.00,99999.00,99999.00,99999.00,99999.00,99999.00,99999.00,99999.00,99999.00,99999.00,99999.00,99999.00,99999.00,99999.00,99999.00,99999.00,99999.00,99999.00,99999.00,99999.00,99999.00,99999.00,99999.00,99999.00,99999.00,99999.00,99999.00,99999.00,99999.00, 561.53, 546.46, 532.59, 519.68, 507.55, 496.08, 485.17, 474.75, 464.75, 455.12, 445.84, 436.86, 428.15, 419.70, 411.48, 403.48, 395.67, 388.04, 380.59, 373.30, 366.15, 359.15, 352.28, 345.54, 338.88, 332.20, 325.47, 318.67, 311.75, 304.65, 297.34, 289.82, 282.06, 274.05, 265.75, 257.16, 248.23, 239.05, 229.76, 220.12, 209.71, 198.63, 186.99, 174.80, 162.11, 149.01, 135.62, 123.43, 111.98,99999.00,99999.00,99999.00,99999.00,99999.00,99999.00,99999.00,99999.00,99999.00,99999.00,99999.00,99999.00,99999.00,99999.00,99999.00,99999.00,99999.00,99999.00,99999.00,99999.00,99999.00,99999.00,99999.00,99999.00, 148.72,99999.00,99999.00,99999.00,99999.00,99999.00,99999.00,99999.00,99999.00,99999.00,99999.00,99999.00,99999.00,99999.00,99999.00,99999.00
99999.00,99999.00,99999.00,99999.00,99999.00,99999.00,99999.00,99999.00,99999.00,99999.00,99999.00,99999.00,99999.00,99999.00,99999.00,99999.00,99999.00,99999.00,99999.00,99999.00,99999.00,99999.00,99999.00,99999.00,99999.00,99999.00,99999.00,99999.00,99999.00,99999.00,99999.00,99999.00,99999.00,99999.00,99999.00,99999.00,99999.00,99999.00,99999.00, 560.67, 545.60, 531.73, 518.82, 506.69, 495.22, 484.31, 473.88, 463.88, 454.26, 444.98, 436.00, 427.29, 418.84, 410.62, 402.61, 394.81, 387.18, 379.73, 372.43, 365.29, 358.29, 351.42, 344.68, 338.01, 331.30, 324.52, 317.67, 310.70, 303.54, 296.18, 288.59, 280.77, 272.68, 264.31, 255.63, 246.61, 237.23, 227.47, 217.28, 206.75, 195.66, 183.71, 170.98, 157.55, 143.40, 128.54, 113.00,  96.82,  82.88,99999.00,99999.00,99999.00,99999.00,99999.00,99999.00,99999.00,99999.00,99999.00,99999.00,99999.00,99999.00,99999.00,99999.00,99999.00,99999.00,99999.00,99999.00,99999.00,99999.00,99999.00,99999.00, 107.34, 130.27,99999.00,99999.00,99999.00,99999.00,99999.00,99999.00,99999.00,99999.00,99999.00,99999.00,99999.00,99999.00,99999.00,99999.00,99999.00
99999.00,99999.00,99999.00,99999.00,99999.00,99999.00,99999.00,99999.00,99999.00,99999.00,99999.00,99999.00,99999.00,99999.00,99999.00,99999.00,99999.00,99999.00,99999.00,99999.00,99999.00,99999.00,99999.00,99999.00,99999.00,99999.00,99999.00,99999.00,99999.00,99999.00,99999.00,99999.00,99999.00,99999.00,99999.00,99999.00,99999.00,99999.00,99999.00, 559.81, 544.74, 530.87, 517.96, 505.83, 494.36, 483.45, 473.03, 463.03, 453.40, 444.12, 435.14, 426.44, 417.98, 409.76, 401.76, 393.95, 386.32, 378.87, 371.58, 364.43, 357.43, 350.56, 343.82, 337.12, 330.37, 323.55, 316.66, 309.64, 302.43, 295.02, 287.38, 279.49, 271.33, 262.89, 254.13, 245.03, 235.57, 225.68, 215.24, 204.23, 192.72, 180.67, 167.94, 154.22, 139.55, 124.00, 107.49,  89.98,  71.39,  51.65,99999.00,99999.00,99999.00,99999.00,99999.00,99999.00,99999.00,99999.00,99999.00,99999.00,99999.00,99999.00,99999.00,99999.00,99999.00,99999.00,99999.00,99999.00,99999.00,99999.00,  65.71,  93.23, 121.05,99999.00,99999.00,99999.00,99999.00,99999.00,99999.00,99999.00,99999.00,99999.00,99999.00,99999.00,99999.00,99999.00,99999.00,99999.00
99999.00,99999.00,99999.00,99999.00,99999.00,99999.00,99999.00,99999.00,99999.00,99999.00,99999.00,99999.00,99999.00,99999.00,99999.00,99999.00,99999.00,99999.00,99999.00,99999.00,99999.00,99999.00,99999.00,99999.00,99999.00,99999.00,99999.00,99999.00,99999.00,99999.00,99999.00,99999.00,99999.00,99999.00,99999.00,99999.00,99999.00,99999.00,99999.00, 558.92, 543.85, 529.98, 517.07, 504.94, 493.47, 482.56, 472.13, 462.13, 452.51, 443.23, 434.25, 425.54, 417.09, 408.87, 400.87, 393.06, 385.43, 377.98, 370.68, 363.54, 356.54, 349.67, 342.91, 336.17, 329.39, 322.54, 315.61, 308.55, 301.30, 293.83, 286.14, 278.19, 269.98, 261.47, 252.64, 243.47, 233.93, 223.93, 213.37, 202.23, 190.46, 178.03, 164.94, 151.14, 136.53, 120.75, 103.84,  85.79,  66.49,  45.84,  23.71,   0.00,99999.00,99999.00,99999.00,99999.00,99999.00,99999.00,99999.00,99999.00,99999.00,99999.00,99999.00,99999.00,99999.00,99999.00,99999.00,99999.00,   0.00,  29.10,  57.51,  85.52, 113.49,99999.00,99999.00,99999.00,99999.00,99999.00,99999.00,99999.00,99999.00,99999.00,99999.00,99999.00,99999.00,99999.00,99999.00,99999.00
99999.00,99999.00,99999.00,99999.00,99999.00,99999.00,99999.00,99999.00,99999.00,99999.00,99999.00,99999.00,99999.00,99999.00,99999.00,99999.00,99999.00,99999.00,99999.00,99999.00,99999.00,99999.00,99999.00,99999.00,99999.00,99999.00,99999.00,99999.00,99999.00,99999.00,99999.00,99999.00,99999.00,99999.00,99999.00,99999.00,99999.00,99999.00,99999.00, 557.97, 542.90, 529.03, 516.12, 504.00, 492.52, 481.61, 471.19, 461.19, 451.57, 442.28, 433.30, 424.60, 416.14, 407.92, 399.92, 392.11, 384.48, 377.03, 369.74, 362.60, 355.59, 348.73, 341.92, 335.16, 328.35, 321.47, 314.51, 307.41, 300.12, 292.61, 284.87, 276.87, 268.60, 260.04, 251.14, 241.90, 232.29, 222.20, 211.54, 200.29, 188.39, 175.82, 162.52, 148.46, 133.58, 117.79, 101.04,  83.24,  64.32,  44.21,  22.81,   0.00,99999.00,99999.00,99999.00,99999.00,99999.00,99999.00,99999.00,99999.00,99999.00,99999.00,99999.00,99999.00,99999.00,99999.00,99999.00,99999.00,   0.00,  28.19,  55.88,  83.35, 110.94,99999.00,99999.00,99999.00,99999.00,99999.00,99999.00,99999.00,99999.00,99999.00,99999.00,99999.00,99999.00,99999.00,99999.00,99999.00
99999.00,99999.00,99999.00,99999.00,99999.00,99999.00,99999.00,99999.00,99999.00,99999.00,99999.00,99999.00,99999.00,99999.00,99999.00,99999.00,99999.00,99999.00,99999.00,99999.00,99999.00,99999.00,99999.00,99999.00,99999.00,99999.00,99999.00,99999.00,99999.00,99999.00,99999.00,99999.00,99999.00,99999.00,99999.00,99999.00,99999.00,99999.00,99999.00, 557.09, 542.02, 528.15, 515.24, 503.11, 491.64, 480.73, 470.31, 460.31, 450.68, 441.40, 432.42, 423.71, 415.26, 407.04, 399.04, 391.23, 383.60, 376.15, 368.86, 361.71, 354.71, 347.83, 340.99, 334.19, 327.35, 320.44, 313.45, 306.32, 299.00, 291.45, 283.67, 275.63, 267.32, 258.69, 249.75, 240.44, 230.76, 220.60, 209.86, 198.53, 186.55, 173.89, 160.52, 146.39, 131.46, 115.68,  99.01,  81.40,  62.77,  43.06,  22.18,   0.00,99999.00,99999.00,99999.00,99999.00,99999.00,99999.00,99999.00,99999.00,99999.00,99999.00,99999.00,99999.00,99999.00,99999.00,99999.00,99999.00,   0.00,  27.57,  54.74,  81.80, 109.11,99999.00,99999.00,99999.00,99999.00,99999.00,99999.00,99999.00,99999.00,99999.00,99999.00,99999.00,99999.00,99999.00,99999.00,99999.00
99999.00,99999.00,99999.00,99999.00,99999.00,99999.00,99999.00,99999.00,99999.00,99999.00,99999.00,99999.00,99999.00,99999.00,99999.00,99999.00,99999.00,99999.00,99999.00,99999.00,99999.00,99999.00,99999.00,99999.00,99999.00,99999.00,99999.00,99999.00,99999.00,99999.00,99999.00,99999.00,99999.00,99999.00,99999.00,99999.00,99999.00,99999.00,99999.00, 557.25, 542.18, 528.31, 515.40, 503.28, 491.80, 480.89, 470.47, 460.47, 450.85, 441.56, 432.58, 423.88, 415.42, 407.20, 399.20, 391.39, 383.76, 376.31, 369.02, 361.88, 354.87, 347.96, 341.09, 334.25, 327.39, 320.46, 313.45, 306.29, 298.94, 291.36, 283.55, 275.47, 267.11, 258.44, 249.44, 240.08, 230.33, 220.10, 209.30, 197.88, 185.81, 173.07, 159.61, 145.39, 130.39, 114.57,  97.89,  80.31,  61.81,  42.33,  21.77,   0.00,99999.00,99999.00,99999.00,99999.00,99999.00,99999.00,99999.00,99999.00,99999.00,99999.00,99999.00,99999.00,99999.00,99999.00,99999.00,99999.00,   0.00,  27.16,  54.00,  80.84, 108.02,99999.00,99999.00,99999.00,99999.00,99999.00,99999.00,99999.00,99999.00,99999.00,99999.00,99999.00,99999.00,99999.00,99999.00,99999.00
99999.00,99999.00,99999.00,99999.00,99999.00,99999.00,99999.00,99999.00,99999.00,99999.00,99999.00,99999.00,99999.00,99999.00,99999.00,99999.00,99999.00,99999.00,99999.00,99999.00,99999.00,99999.00,99999.00,99999.00,99999.00,99999.00,99999.00,99999.00,99999.00,99999.00,99999.00,99999.00,99999.00,99999.00,99999.00,99999.00,99999.00,99999.00,99999.00, 558.42, 543.34, 529.48, 516.57, 504.44, 492.97, 482.06, 471.63, 461.63, 452.01, 442.72, 433.74, 425.04, 416.59, 408.37, 400.36, 392.55, 384.93, 377.47, 370.18, 363.04, 356.04, 349.09, 342.19, 335.32, 328.44, 321.50, 314.46, 307.29, 299.91, 292.31, 284.47, 276.36, 267.96, 259.26, 250.21, 240.80, 230.99, 220.70, 209.82, 198.32, 186.16, 173.32, 159.75, 145.43, 130.32, 114.39,  97.63,  80.01,  61.50,  42.08,  21.63,   0.00,99999.00,99999.00,99999.00,99999.00,99999.00,99999.00,99999.00,99999.00,99999.00,99999.00,99999.00,99999.00,99999.00,99999.00,99999.00,99999.00,   0.00,  27.01,  53.75,  80.53, 107.72,99999.00,99999.00,99999.00,99999.00,99999.00,99999.00,99999.00,99999.00,99999.00,99999.00,99999.00,99999.00,99999.00,99999.00,99999.00
99999.00,99999.00,99999.00,99999.00,99999.00,99999.00,99999.00,99999.00,99999.00,99999.00,99999.00,99999.00,99999.00,99999.00,99999.00,99999.00,99999.00,99999.00,99999.00,99999.00,99999.00,99999.00,99999.00,99999.00,99999.00,99999.00,99999.00,99999.00,99999.00,99999.00,99999.00,99999.00,99999.00,99999.00,99999.00,99999.00,99999.00,99999.00,99999.00, 560.09, 545.02, 531.15, 518.24, 506.11, 494.64, 483.73, 473.30, 463.30, 453.68, 444.40, 435.42, 426.71, 418.26, 410.04, 402.03, 394.23, 386.60, 379.15, 371.85, 364.71, 357.69, 350.72, 343.78, 336.88, 329.99, 323.03, 315.99, 308.85, 301.50, 293.95, 286.15, 278.09, 269.72, 260.98, 251.90, 242.44, 232.58, 222.23, 211.28, 199.69, 187.44, 174.49, 160.79, 146.33, 131.06, 114.97,  98.05,  80.28,  61.65,  42.14,  21.64,   0.00,99999.00,99999.00,99999.00,99999.00,99999.00,99999.00,99999.00,99999.00,99999.00,99999.00,99999.00,99999.00,99999.00,99999.00,99999.00,99999.00,   0.00,  27.03,  53.81,  80.68, 107.99,99999.00,99999.00,99999.00,99999.00,99999.00,99999.00,99999.00,99999.00,99999.00,99999.00,99999.00,99999.00,99999.00,99999.00,99999.00
99999.00,99999.00,99999.00,99999.00,99999.00,99999.00,99999.00,99999.00,99999.00,99999.00,99999.00,99999.00,99999.00,99999.00,99999.00,99999.00,99999.00,99999.00,99999.00,99999.00,99999.00,99999.00,99999.00,99999.00,99999.00,99999.00,99999.00,99999.00,99999.00,99999.00,99999.00,99999.00,99999.00,99999.00,99999.00,99999.00,99999.00,99999.00,99999.00, 561.80, 546.72, 532.85, 519.94, 507.82, 496.35, 485.44, 475.01, 465.01, 455.39, 446.10, 437.12, 428.42, 419.97, 411.75, 403.74, 395.93, 388.31, 380.85, 373.56, 366.42, 359.37, 352.37, 345.41, 338.48, 331.56, 324.61, 317.60, 310.50, 303.21, 295.71, 287.94, 279.86, 271.50, 262.82, 253.81, 244.37, 234.55, 224.33, 213.53, 202.11, 190.04, 177.28, 163.80, 149.57, 134.55, 118.70, 101.98,  84.35,  65.76,  46.25,  30.84,  23.19,99999.00,99999.00,99999.00,99999.00,99999.00,99999.00,99999.00,99999.00,99999.00,99999.00,99999.00,99999.00,99999.00,99999.00,99999.00,99999.00,  27.79,  38.45,  60.31,  87.40, 114.96,99999.00,99999.00,99999.00,99999.00,99999.00,99999.00,99999.00,99999.00,99999.00,99999.00,99999.00,99999.00,99999.00,99999.00,99999.00
99999.00,99999.00,99999.00,99999.00,99999.00,99999.00,99999.00,99999.00,99999.00,99999.00,99999.00,99999.00,99999.00,99999.00,99999.00,99999.00,99999.00,99999.00,99999.00,99999.00,99999.00,99999.00,99999.00,99999.00,99999.00,99999.00,99999.00,99999.00,99999.00,99999.00,99999.00,99999.00,99999.00,99999.00,99999.00,99999.00,99999.00,99999.00,99999.00, 563.53, 548.46, 534.59, 521.68, 509.55, 498.08, 487.17, 476.75, 466.75, 457.12, 447.84, 438.86, 430.15, 421.70, 413.48, 405.48, 397.67, 390.04, 382.59, 375.30, 368.15, 361.09, 354.07, 347.08, 340.12, 333.17, 326.27, 319.31, 312.27, 305.01, 297.49, 289.73, 281.72, 273.43, 264.78, 255.83, 246.54, 236.89, 226.86, 216.28, 205.10, 193.31, 180.87, 167.73, 153.85, 139.14, 123.54, 106.91,  89.28,  74.61,  60.46,  49.18,  46.44,99999.00,99999.00,99999.00,99999.00,99999.00,99999.00,99999.00,99999.00,99999.00,99999.00,99999.00,99999.00,99999.00,99999.00,99999.00,99999.00,  55.65,  61.22,  76.97,  99.07, 122.77,99999.00,99999.00,99999.00,99999.00,99999.00,99999.00,99999.00,99999.00,99999.00,99999.00,99999.00,99999.00,99999.00,99999.00,99999.00
99999.00,99999.00,99999.00,99999.00,99999.00,99999.00,99999.00,99999.00,99999.00,99999.00,99999.00,99999.00,99999.00,99999.00,99999.00,99999.00,99999.00,99999.00,99999.00,99999.00,99999.00,99999.00,99999.00,99999.00,99999.00,99999.00,99999.00,99999.00,99999.00,99999.00,99999.00,99999.00,99999.00,99999.00,99999.00,99999.00,99999.00,99999.00,99999.00, 565.29, 550.21, 536.34, 523.43, 511.31, 499.84, 488.92, 478.50, 468.50, 458.88, 449.59, 440.61, 431.91, 423.46, 415.24, 407.23, 399.42, 391.80, 384.34, 377.05, 369.91, 362.82, 355.79, 348.79, 341.87, 334.91, 328.03, 321.08, 314.02, 306.78, 299.33, 291.65, 283.67, 275.45, 266.96, 258.18, 249.10, 239.69, 229.94, 219.68, 208.87, 197.50, 185.50, 172.81, 159.33, 144.91, 129.47, 116.03, 102.57,  89.50,  78.57,  71.46,  69.80,  78.26,99999.00,99999.00,99999.00,99999.00,99999.00,99999.00,99999.00,99999.00,99999.00,99999.00,99999.00,99999.00,99999.00,99999.00,  91.60,  83.61,  88.89, 100.25, 116.41, 139.33,99999.00,99999.00,99999.00,99999.00,99999.00,99999.00,99999.00,99999.00,99999.00,99999.00,99999.00,99999.00,99999.00,99999.00,99999.00
99999.00,99999.00,99999.00,99999.00,99999.00,99999.00,99999.00,99999.00,99999.00,99999.00,99999.00,99999.00,99999.00,99999.00,99999.00,99999.00,99999.00,99999.00,99999.00,99999.00,99999.00,99999.00,99999.00,99999.00,99999.00,99999.00,99999.00,99999.00,99999.00,99999.00,99999.00,99999.00,99999.00,99999.00,99999.00,99999.00,99999.00,99999.00,99999.00, 567.06, 551.98, 538.11, 525.20, 513.08, 501.60, 490.69, 480.27, 470.27, 460.65, 451.36, 442.38, 433.68, 425.23, 417.01, 409.00, 401.19, 393.57, 386.11, 378.82, 371.66, 364.57, 357.58, 350.57, 343.67, 336.74, 329.76, 322.81, 315.82, 308.65, 301.23, 293.62, 285.80, 277.76, 269.48, 260.95, 252.16, 243.10, 233.74, 223.93, 213.63, 202.79, 191.32, 179.07, 166.00, 154.15, 142.31, 130.36, 118.58, 108.03,  98.38,  94.27,  93.50, 101.61, 114.62,99999.00,99999.00,99999.00,99999.00,99999.00,99999.00,99999.00,99999.00,99999.00,99999.00,99999.00,99999.00, 132.61, 119.56, 111.91, 117.08, 124.48, 140.74, 157.81,99999.00,99999.00,99999.00,99999.00,99999.00,99999.00,99999.00,99999.00,99999.00,99999.00,99999.00,99999.00,99999.00,99999.00,99999.00
99999.00,99999.00,99999.00,99999.00,99999.00,99999.00,99999.00,99999.00,99999.00,99999.00,99999.00,99999.00,99999.00,99999.00,99999.00,99999.00,99999.00,99999.00,99999.00,99999.00,99999.00,99999.00,99999.00,99999.00,99999.00,99999.00,99999.00,99999.00,99999.00,99999.00,99999.00,99999.00,99999.00,99999.00,99999.00,99999.00,99999.00,99999.00,99999.00, 568.83, 553.76, 539.89, 526.98, 514.85, 503.38, 492.47, 482.04, 472.04, 462.42, 453.14, 444.16, 435.45, 427.00, 418.78, 410.77, 402.97, 395.34, 387.89, 380.59, 373.48, 366.38, 359.41, 352.43, 345.45, 338.50, 331.56, 324.62, 317.66, 310.55, 303.29, 295.86, 288.25, 280.46, 272.47, 264.29, 255.90, 247.31, 238.48, 229.23, 219.52, 209.21, 198.27, 187.91, 177.74, 167.75, 157.77,99999.00,99999.00,99999.00,99999.00,99999.00,99999.00,99999.00,99999.00,99999.00,99999.00,99999.00,99999.00,99999.00,99999.00,99999.00,99999.00,99999.00,99999.00,99999.00,99999.00,99999.00,99999.00,99999.00,99999.00,99999.00,99999.00,99999.00,99999.00,99999.00,99999.00,99999.00,99999.00,99999.00,99999.00,99999.00,99999.00,99999.00,99999.00,99999.00,99999.00,99999.00,99999.00
99999.00,99999.00,99999.00,99999.00,99999.00,99999.00,99999.00,99999.00,99999.00,99999.00,99999.00,99999.00,99999.00,99999.00,99999.00,99999.00,99999.00,99999.00,99999.00,99999.00,99999.00,99999.00,99999.00,99999.00,99999.00,99999.00,99999.00,99999.00,99999.00,99999.00,99999.00,99999.00,99999.00,99999.00,99999.00,99999.00,99999.00,99999.00,99999.00, 570.66, 555.58, 541.72, 528.81, 516.68, 505.21, 494.30, 483.87, 473.87, 464.25, 454.96, 445.98, 437.28, 428.83, 420.61, 412.60, 404.79, 397.17, 389.71, 382.42, 375.34, 368.26, 361.21, 354.23, 347.27, 340.35, 333.43, 326.43, 319.62, 312.69, 305.64, 298.45, 291.13, 283.68, 276.10, 268.38, 260.52, 252.50, 244.27, 235.59, 226.45, 217.36, 208.44, 199.90, 191.81, 183.86,99999.00,99999.00,99999.00,99999.00,99999.00,99999.00,99999.00,99999.00,99999.00,99999.00,99999.00,99999.00,99999.00,99999.00,99999.00,99999.00,99999.00,99999.00,99999.00,99999.00,99999.00,99999.00,99999.00,99999.00,99999.00,99999.00,99999.00,99999.00,99999.00,99999.00,99999.00,99999.00,99999.00,99999.00,99999.00,99999.00,99999.00,99999.00,99999.00,99999.00,99999.00,99999.00,99999.00
99999.00,99999.00,99999.00,99999.00,99999.00,99999.00,99999.00,99999.00,99999.00,99999.00,99999.00,99999.00,99999.00,99999.00,99999.00,99999.00,99999.00,99999.00,99999.00,99999.00,99999.00,99999.00,99999.00,99999.00,99999.00,99999.00,99999.00,99999.00,99999.00,99999.00,99999.00,99999.00,99999.00,99999.00,99999.00,99999.00,99999.00,99999.00,99999.00, 572.56, 557.48, 543.62, 530.71, 518.58, 507.11, 496.20, 485.77, 475.77, 466.15, 456.87, 447.89, 439.18, 430.73, 422.51, 414.50, 406.70, 399.07, 391.62, 384.32, 377.15, 370.08, 363.05, 356.09, 349.17, 342.19, 335.42, 328.57, 321.86, 315.16, 308.39, 301.54, 294.61, 287.62, 280.55, 273.41, 266.14, 258.68, 251.03, 243.03, 235.10, 227.48, 220.38, 212.97, 206.31,99999.00,99999.00,99999.00,99999.00,99999.00,99999.00,99999.00,99999.00,99999.00,99999.00,99999.00,99999.00,99999.00,99999.00,99999.00,99999.00,99999.00,99999.00,99999.00,99999.00,99999.00,99999.00,99999.00,99999.00,99999.00,99999.00,99999.00,99999.00,99999.00,99999.00,99999.00,99999.00,99999.00,99999.00,99999.00,99999.00,99999.00,99999.00,99999.00,99999.00,99999.00,99999.00,99999.00,99999.00
99999.00,99999.00,99999.00,99999.00,99999.00,99999.00,99999.00,99999.00,99999.00,99999.00,99999.00,99999.00,99999.00,99999.00,99999.00,99999.00,99999.00,99999.00,99999.00,99999.00,99999.00,99999.00,99999.00,99999.00,99999.00,99999.00,99999.00,99999.00,99999.00,99999.00,99999.00,99999.00,99999.00,99999.00,99999.00,99999.00,99999.00,99999.00,99999.00, 574.38, 559.30, 545.43, 532.52, 520.40, 508.93, 498.02, 487.59, 477.59, 467.97, 458.68, 449.70, 441.00, 432.55, 424.33, 416.32, 408.51, 400.89, 393.43, 386.14, 379.00, 371.95, 364.96, 357.94, 351.17, 344.34, 337.67, 331.06, 324.49, 318.10, 311.71, 305.30, 298.89, 292.45, 285.94, 279.22, 272.36, 265.47, 258.41, 251.51, 245.04, 238.28, 232.14, 226.90, 222.48,99999.00,99999.00,99999.00,99999.00,99999.00,99999.00,99999.00,99999.00,99999.00,99999.00,99999.00,99999.00,99999.00,99999.00,99999.00,99999.00,99999.00,99999.00,99999.00,99999.00,99999.00,99999.00,99999.00,99999.00,99999.00,99999.00,99999.00,99999.00,99999.00,99999.00,99999.00,99999.00,99999.00,99999.00,99999.00,99999.00,99999.00,99999.00,99999.00,99999.00,99999.00,99999.00,99999.00,99999.00
99999.00,99999.00,99999.00,99999.00,99999.00,99999.00,99999.00,99999.00,99999.00,99999.00,99999.00,99999.00,99999.00,99999.00,99999.00,99999.00,99999.00,99999.00,99999.00,99999.00,99999.00,99999.00,99999.00,99999.00,99999.00,99999.00,99999.00,99999.00,99999.00,99999.00,99999.00,99999.00,99999.00,99999.00,99999.00,99999.00,99999.00,99999.00,99999.00, 576.25, 561.17, 547.31, 534.40, 522.27, 510.80, 499.89, 489.46, 479.46, 469.84, 460.56, 451.58, 442.87, 434.42, 426.20, 418.19, 410.39, 402.76, 395.31, 388.01, 380.91, 373.79, 366.96, 360.09, 353.42, 346.82, 340.31, 334.00, 327.76, 321.70, 315.80, 309.94, 303.91, 297.84, 291.61, 285.28, 278.98, 272.66, 266.68, 260.68, 254.85, 249.79, 244.75, 240.91, 239.52,99999.00,99999.00,99999.00,99999.00,99999.00,99999.00,99999.00,99999.00,99999.00,99999.00,99999.00,99999.00,99999.00,99999.00,99999.00,99999.00,99999.00,99999.00,99999.00,99999.00,99999.00,99999.00,99999.00,99999.00,99999.00,99999.00,99999.00,99999.00,99999.00,99999.00,99999.00,99999.00,99999.00,99999.00,99999.00,99999.00,99999.00,99999.00,99999.00,99999.00,99999.00,99999.00,99999.00,99999.00
99999.00,99999.00,99999.00,99999.00,99999.00,99999.00,99999.00,99999.00,99999.00,99999.00,99999.00,99999.00,99999.00,99999.00,99999.00,99999.00,99999.00,99999.00,99999.00,99999.00,99999.00,99999.00,99999.00,99999.00,99999.00,99999.00,99999.00,99999.00,99999.00,99999.00,99999.00,99999.00,99999.00,99999.00,99999.00,99999.00,99999.00,99999.00,99999.00, 578.10, 563.02, 549.15, 536.24, 524.12, 512.65, 501.74, 491.31, 481.31, 471.69, 462.40, 453.42, 444.72, 436.27, 428.05, 420.04, 412.23, 404.61, 397.15, 389.86, 382.91, 375.95, 369.21, 362.58, 356.05, 349.76, 343.58, 337.60, 331.81, 326.13, 320.52, 314.84, 309.17, 303.36, 297.50, 291.72, 285.98, 280.62, 275.14, 270.25, 265.24, 261.10, 258.19, 256.14, 256.30,99999.00,99999.00,99999.00,99999.00,99999.00,99999.00,99999.00,99999.00,99999.00,99999.00,99999.00,99999.00,99999.00,99999.00,99999.00,99999.00,99999.00,99999.00,99999.00,99999.00,99999.00,99999.00,99999.00,99999.00,99999.00,99999.00,99999.00,99999.00,99999.00,99999.00,99999.00,99999.00,99999.00,99999.00,99999.00,99999.00,99999.00,99999.00,99999.00,99999.00,99999.00,99999.00,99999.00,99999.00
99999.00,99999.00,99999.00,99999.00,99999.00,99999.00,99999.00,99999.00,99999.00,99999.00,99999.00,99999.00,99999.00,99999.00,99999.00,99999.00,99999.00,99999.00,99999.00,99999.00,99999.00,99999.00,99999.00,99999.00,99999.00,99999.00,99999.00,99999.00,99999.00,99999.00,99999.00,99999.00,99999.00,99999.00,99999.00,99999.00,99999.00,99999.00,99999.00, 580.02, 564.94, 551.07, 538.16, 526.04, 514.57, 503.66, 493.23, 483.23, 473.61, 464.32, 455.34, 446.64, 438.19, 429.97, 421.96, 414.15, 406.53, 399.22, 392.01, 385.16, 378.43, 371.84, 365.52, 359.33, 353.36, 347.60, 341.86, 336.25, 330.80, 325.35, 319.97, 314.54, 309.10, 303.77, 298.54, 293.41, 288.56, 283.96, 279.68, 276.34, 273.26, 271.71, 271.14, 272.82,99999.00,99999.00,99999.00,99999.00,99999.00,99999.00,99999.00,99999.00,99999.00,99999.00,99999.00,99999.00,99999.00,99999.00,99999.00,99999.00,99999.00,99999.00,99999.00,99999.00,99999.00,99999.00,99999.00,99999.00,99999.00,99999.00,99999.00,99999.00,99999.00,99999.00,99999.00,99999.00,99999.00,99999.00,99999.00,99999.00,99999.00,99999.00,99999.00,99999.00,99999.00,99999.00,99999.00,99999.00
99999.00,99999.00,99999.00,99999.00,99999.00,99999.00,99999.00,99999.00,99999.00,99999.00,99999.00,99999.00,99999.00,99999.00,99999.00,99999.00,99999.00,99999.00,99999.00,99999.00,99999.00,99999.00,99999.00,99999.00,99999.00,99999.00,99999.00,99999.00,99999.00,99999.00,99999.00,99999.00,99999.00,99999.00,99999.00,99999.00,99999.00,99999.00,99999.00, 582.04, 566.97, 553.10, 540.19, 528.07, 516.59, 505.68, 495.26, 485.26, 475.64, 466.35, 457.37, 448.67, 440.21, 431.99, 423.99, 416.27, 408.68, 401.46, 394.50, 387.79, 381.37, 375.12, 369.12, 363.32, 357.57, 351.86, 346.30, 340.92, 335.59, 330.43, 325.25, 320.13, 315.22, 310.43, 305.56, 301.06, 296.69, 293.17, 289.69, 287.24, 285.81, 285.27, 285.90, 289.09,99999.00,99999.00,99999.00,99999.00,99999.00,99999.00,99999.00,99999.00,99999.00,99999.00,99999.00,99999.00,99999.00,99999.00,99999.00,99999.00,99999.00,99999.00,99999.00,99999.00,99999.00,99999.00,99999.00,99999.00,99999.00,99999.00,99999.00,99999.00,99999.00,99999.00,99999.00,99999.00,99999.00,99999.00,99999.00,99999.00,99999.00,99999.00,99999.00,99999.00,99999.00,99999.00,99999.00,99999.00
99999.00,99999.00,99999.00,99999.00,99999.00,99999.00,99999.00,99999.00,99999.00,99999.00,99999.00,99999.00,99999.00,99999.00,99999.00,99999.00,99999.00,99999.00,99999.00,99999.00,99999.00,99999.00,99999.00,99999.00,99999.00,99999.00,99999.00,99999.00,99999.00,99999.00,99999.00,99999.00,99999.00,99999.00,99999.00,99999.00,99999.00,99999.00,99999.00, 584.20, 569.12, 555.25, 542.34, 530.22, 518.75, 507.84, 497.41, 487.41, 477.79, 468.50, 459.52, 450.82, 442.37, 434.15, 426.14, 418.51, 411.17, 404.10, 397.44, 391.06, 384.97, 379.10, 373.29, 367.53, 361.83, 356.30, 350.98, 345.71, 340.64, 335.66, 330.79, 326.16, 321.62, 317.07, 312.71, 308.70, 305.19, 302.25, 300.40, 298.75, 298.17, 298.62, 300.44, 305.12,99999.00,99999.00,99999.00,99999.00,99999.00,99999.00,99999.00,99999.00,99999.00,99999.00,99999.00,99999.00,99999.00,99999.00,99999.00,99999.00,99999.00,99999.00,99999.00,99999.00,99999.00,99999.00,99999.00,99999.00,99999.00,99999.00,99999.00,99999.00,99999.00,99999.00,99999.00,99999.00,99999.00,99999.00,99999.00,99999.00,99999.00,99999.00,99999.00,99999.00,99999.00,99999.00,99999.00,99999.00
99999.00,99999.00,99999.00,99999.00,99999.00,99999.00,99999.00,99999.00,99999.00,99999.00,99999.00,99999.00,99999.00,99999.00,99999.00,99999.00,99999.00,99999.00,99999.00,99999.00,99999.00,99999.00,99999.00,99999.00,99999.00,99999.00,99999.00,99999.00,99999.00,99999.00,99999.00,99999.00,99999.00,99999.00,99999.00,99999.00,99999.00,99999.00,99999.00, 586.35, 571.28, 557.41, 544.50, 532.37, 520.90, 509.99, 499.56, 489.56, 479.94, 470.66, 461.68, 452.97, 444.52, 436.42, 428.63, 421.15, 414.11, 407.37, 401.04, 395.05, 389.13, 383.27, 377.49, 371.79, 366.27, 360.98, 355.76, 350.76, 345.87, 341.15, 336.76, 332.42, 328.13, 323.83, 320.08, 316.53, 314.08, 311.91, 310.94, 310.08, 310.34, 311.76, 314.76, 320.91,99999.00,99999.00,99999.00,99999.00,99999.00,99999.00,99999.00,99999.00,99999.00,99999.00,99999.00,99999.00,99999.00,99999.00,99999.00,99999.00,99999.00,99999.00,99999.00,99999.00,99999.00,99999.00,99999.00,99999.00,99999.00,99999.00,99999.00,99999.00,99999.00,99999.00,99999.00,99999.00,99999.00,99999.00,99999.00,99999.00,99999.00,99999.00,99999.00,99999.00,99999.00,99999.00,99999.00,99999.00
99999.00,99999.00,99999.00,99999.00,99999.00,99999.00,99999.00,99999.00,99999.00,99999.00,99999.00,99999.00,99999.00,99999.00,99999.00,99999.00,99999.00,99999.00,99999.00,99999.00,99999.00,99999.00,99999.00,99999.00,99999.00,99999.00,99999.00,99999.00,99999.00,99999.00,99999.00,99999.00,99999.00,99999.00,99999.00,99999.00,99999.00,99999.00,99999.00, 588.66, 573.58, 559.72, 546.81, 534.68, 523.21, 512.30, 501.87, 491.87, 482.25, 472.96, 463.98, 455.31, 447.01, 439.05, 431.57, 424.42, 417.70, 411.35, 405.20, 399.22, 393.30, 387.48, 381.76, 376.23, 370.95, 365.76, 360.81, 355.99, 351.36, 347.09, 342.83, 338.72, 334.66, 330.84, 327.45, 324.73, 322.84, 321.70, 321.37, 321.24, 322.32, 324.71, 328.86, 335.25,99999.00,99999.00,99999.00,99999.00,99999.00,99999.00,99999.00,99999.00,99999.00,99999.00,99999.00,99999.00,99999.00,99999.00,99999.00,99999.00,99999.00,99999.00,99999.00,99999.00,99999.00,99999.00,99999.00,99999.00,99999.00,99999.00,99999.00,99999.00,99999.00,99999.00,99999.00,99999.00,99999.00,99999.00,99999.00,99999.00,99999.00,99999.00,99999.00,99999.00,99999.00,99999.00,99999.00,99999.00
99999.00,99999.00,99999.00,99999.00,99999.00,99999.00,99999.00,99999.00,99999.00,99999.00,99999.00,99999.00,99999.00,99999.00,99999.00,99999.00,99999.00,99999.00,99999.00,99999.00,99999.00,99999.00,99999.00,99999.00,99999.00,99999.00,99999.00,99999.00,99999.00,99999.00,99999.00,99999.00,99999.00,99999.00,99999.00,99999.00,99999.00,99999.00,99999.00, 591.09, 576.01, 562.15, 549.24, 537.11, 525.64, 514.73, 504.30, 494.30, 484.68, 475.39, 466.47, 457.95, 449.95, 442.32, 435.17, 428.40, 421.86, 415.51, 409.37, 403.39, 397.51, 391.75, 386.20, 380.91, 375.74, 370.82, 366.05, 361.48, 357.29, 353.09, 348.99, 345.12, 341.30, 338.09, 335.16, 333.36, 331.90, 331.34, 331.64, 332.23, 334.12, 337.46, 342.77, 349.08,99999.00,99999.00,99999.00,99999.00,99999.00,99999.00,99999.00,99999.00,99999.00,99999.00,99999.00,99999.00,99999.00,99999.00,99999.00,99999.00,99999.00,99999.00,99999.00,99999.00,99999.00,99999.00,99999.00,99999.00,99999.00,99999.00,99999.00,99999.00,99999.00,99999.00,99999.00,99999.00,99999.00,99999.00,99999.00,99999.00,99999.00,99999.00,99999.00,99999.00,99999.00,99999.00,99999.00,99999.00
99999.00,99999.00,99999.00,99999.00,99999.00,99999.00,99999.00,99999.00,99999.00,99999.00,99999.00,99999.00,99999.00,99999.00,99999.00,99999.00,99999.00,99999.00,99999.00,99999.00,99999.00,99999.00,99999.00,99999.00,99999.00,99999.00,99999.00,99999.00,99999.00,99999.00,99999.00,99999.00,99999.00,99999.00,99999.00,99999.00,99999.00,99999.00,99999.00, 593.64, 578.57, 564.70, 551.79, 539.66, 528.19, 517.28, 506.85, 496.85, 487.23, 478.03, 469.41, 461.22, 453.55, 446.31, 439.33, 432.56, 426.03, 419.68, 413.55, 407.59, 401.77, 396.18, 390.87, 385.70, 380.79, 376.05, 371.53, 367.36, 363.23, 359.15, 355.26, 351.55, 348.21, 345.35, 343.22, 341.94, 340.88, 340.85, 341.76, 343.05, 345.75, 350.03, 355.35, 362.72,99999.00,99999.00,99999.00,99999.00,99999.00,99999.00,99999.00,99999.00,99999.00,99999.00,99999.00,99999.00,99999.00,99999.00,99999.00,99999.00,99999.00,99999.00,99999.00,99999.00,99999.00,99999.00,99999.00,99999.00,99999.00,99999.00,99999.00,99999.00,99999.00,99999.00,99999.00,99999.00,99999.00,99999.00,99999.00,99999.00,99999.00,99999.00,99999.00,99999.00,99999.00,99999.00,99999.00,99999.00
99999.00,99999.00,99999.00,99999.00,99999.00,99999.00,99999.00,99999.00,99999.00,99999.00,99999.00,99999.00,99999.00,99999.00,99999.00,99999.00,99999.00,99999.00,99999.00,99999.00,99999.00,99999.00,99999.00,99999.00,99999.00,99999.00,99999.00,99999.00,99999.00,99999.00,99999.00,99999.00,99999.00,99999.00,99999.00,99999.00,99999.00,99999.00,99999.00, 596.33, 581.26, 567.39, 554.48, 542.35, 530.88, 519.97, 509.55, 499.55, 490.17, 481.30, 473.01, 465.20, 457.71, 450.46, 443.49, 436.73, 430.21, 423.86, 417.75, 411.86, 406.21, 400.86, 395.66, 390.75, 386.02, 381.54, 377.38, 373.30, 369.23, 365.32, 361.67, 358.11, 355.34, 352.93, 351.43, 350.45, 349.80, 350.28, 351.78, 353.72, 357.20, 361.82, 367.68, 376.17,99999.00,99999.00,99999.00,99999.00,99999.00,99999.00,99999.00,99999.00,99999.00,99999.00,99999.00,99999.00,99999.00,99999.00,99999.00,99999.00,99999.00,99999.00,99999.00,99999.00,99999.00,99999.00,99999.00,99999.00,99999.00,99999.00,99999.00,99999.00,99999.00,99999.00,99999.00,99999.00,99999.00,99999.00,99999.00,99999.00,99999.00,99999.00,99999.00,99999.00,99999.00,99999.00,99999.00,99999.00
99999.00,99999.00,99999.00,99999.00,99999.00,99999.00,99999.00,99999.00,99999.00,99999.00,99999.00,99999.00,99999.00,99999.00,99999.00,99999.00,99999.00,99999.00,99999.00,99999.00,99999.00,99999.00,99999.00,99999.00,99999.00,99999.00,99999.00,99999.00,99999.00,99999.00,99999.00,99999.00,99999.00,99999.00,99999.00,99999.00,99999.00,99999.00,99999.00, 599.22, 584.15, 570.28, 557.37, 545.24, 533.77, 522.86, 512.53, 502.82, 493.77, 485.28, 477.17, 469.36, 461.87, 454.63, 447.67, 440.91, 434.40, 428.07, 422.02, 416.30, 410.89, 405.65, 400.71, 395.98, 391.51, 387.35, 383.26, 379.24, 375.30, 371.59, 368.10, 365.01, 362.48, 360.82, 359.58, 358.89, 358.64, 359.64, 361.71, 364.31, 368.42, 373.12, 379.84, 388.32,99999.00,99999.00,99999.00,99999.00,99999.00,99999.00,99999.00,99999.00,99999.00,99999.00,99999.00,99999.00,99999.00,99999.00,99999.00,99999.00,99999.00,99999.00,99999.00,99999.00,99999.00,99999.00,99999.00,99999.00,99999.00,99999.00,99999.00,99999.00,99999.00,99999.00,99999.00,99999.00,99999.00,99999.00,99999.00,99999.00,99999.00,99999.00,99999.00,99999.00,99999.00,99999.00,99999.00,99999.00
99999.00,99999.00,99999.00,99999.00,99999.00,99999.00,99999.00,99999.00,99999.00,99999.00,99999.00,99999.00,99999.00,99999.00,99999.00,99999.00,99999.00,99999.00,99999.00,99999.00,99999.00,99999.00,99999.00,99999.00,99999.00,99999.00,99999.00,99999.00,99999.00,99999.00,99999.00,99999.00,99999.00,99999.00,99999.00,99999.00,99999.00,99999.00,99999.00, 602.38, 587.30, 573.44, 560.53, 548.40, 536.93, 526.13, 516.13, 506.80, 497.93, 489.44, 481.34, 473.53, 466.05, 458.81, 451.86, 445.12, 438.61, 432.33, 426.46, 420.97, 415.67, 410.70, 405.94, 401.47, 397.30, 393.19, 389.19, 385.24, 381.46, 377.99, 374.65, 372.15, 370.04, 368.66, 367.67, 367.27, 367.42, 368.93, 371.57, 374.82, 378.90, 384.37, 391.41, 400.37,99999.00,99999.00,99999.00,99999.00,99999.00,99999.00,99999.00,99999.00,99999.00,99999.00,99999.00,99999.00,99999.00,99999.00,99999.00,99999.00,99999.00,99999.00,99999.00,99999.00,99999.00,99999.00,99999.00,99999.00,99999.00,99999.00,99999.00,99999.00,99999.00,99999.00,99999.00,99999.00,99999.00,99999.00,99999.00,99999.00,99999.00,99999.00,99999.00,99999.00,99999.00,99999.00,99999.00,99999.00
99999.00,99999.00,99999.00,99999.00,99999.00,99999.00,99999.00,99999.00,99999.00,99999.00,99999.00,99999.00,99999.00,99999.00,99999.00,99999.00,99999.00,99999.00,99999.00,99999.00,99999.00,99999.00,99999.00,99999.00,99999.00,99999.00,99999.00,99999.00,99999.00,99999.00,99999.00,99999.00,99999.00,99999.00,99999.00,99999.00,99999.00,99999.00,99999.00, 605.76, 590.69, 576.82, 563.91, 551.78, 540.56, 530.17, 520.36, 511.05, 502.19, 493.71, 485.61, 477.81, 470.34, 463.12, 456.16, 449.45, 442.93, 436.83, 431.19, 425.82, 420.79, 415.99, 411.49, 407.31, 403.17, 399.10, 395.13, 391.30, 387.74, 384.42, 381.56, 379.28, 377.70, 376.47, 375.71, 375.59, 376.13, 378.15, 381.36, 385.04, 389.30, 395.39, 402.50, 411.94,99999.00,99999.00,99999.00,99999.00,99999.00,99999.00,99999.00,99999.00,99999.00,99999.00,99999.00,99999.00,99999.00,99999.00,99999.00,99999.00,99999.00,99999.00,99999.00,99999.00,99999.00,99999.00,99999.00,99999.00,99999.00,99999.00,99999.00,99999.00,99999.00,99999.00,99999.00,99999.00,99999.00,99999.00,99999.00,99999.00,99999.00,99999.00,99999.00,99999.00,99999.00,99999.00,99999.00,99999.00
99999.00,99999.00,99999.00,99999.00,99999.00,99999.00,99999.00,99999.00,99999.00,99999.00,99999.00,99999.00,99999.00,99999.00,99999.00,99999.00,99999.00,99999.00,99999.00,99999.00,99999.00,99999.00,99999.00,99999.00,99999.00,99999.00,99999.00,99999.00,99999.00,99999.00,99999.00,99999.00,99999.00,99999.00,99999.00,99999.00,99999.00,99999.00,99999.00, 609.71, 594.64, 580.75, 567.82, 556.00, 544.98, 534.61, 524.82, 515.51, 506.66, 498.18, 490.09, 482.30, 474.84, 467.65, 460.68, 453.90, 447.56, 441.69, 436.16, 431.06, 426.20, 421.66, 417.45, 413.30, 409.21, 405.23, 401.32, 397.61, 394.24, 391.03, 388.69, 386.80, 385.35, 384.29, 383.72, 383.85, 384.78, 387.30, 390.65, 394.72, 399.63, 405.67, 413.54, 422.90,99999.00,99999.00,99999.00,99999.00,99999.00,99999.00,99999.00,99999.00,99999.00,99999.00,99999.00,99999.00,99999.00,99999.00,99999.00,99999.00,99999.00,99999.00,99999.00,99999.00,99999.00,99999.00,99999.00,99999.00,99999.00,99999.00,99999.00,99999.00,99999.00,99999.00,99999.00,99999.00,99999.00,99999.00,99999.00,99999.00,99999.00,99999.00,99999.00,99999.00,99999.00,99999.00,99999.00,99999.00
99999.00,99999.00,99999.00,99999.00,99999.00,99999.00,99999.00,99999.00,99999.00,99999.00,99999.00,99999.00,99999.00,99999.00,99999.00,99999.00,99999.00,99999.00,99999.00,99999.00,99999.00,99999.00,99999.00,99999.00,99999.00,99999.00,99999.00,99999.00,99999.00,99999.00,99999.00,99999.00,99999.00,99999.00,99999.00,99999.00,99999.00,99999.00,99999.00, 614.22, 599.06, 585.16, 572.44, 560.64, 549.64, 539.27, 529.50, 520.18, 511.35, 502.88, 494.79, 487.04, 479.56, 472.30, 465.26, 458.65, 452.55, 446.79, 441.53, 436.60, 432.00, 427.75, 423.55, 419.39, 415.32, 411.37, 407.58, 404.08, 400.86, 398.12, 396.00, 394.36, 393.02, 392.11, 391.73, 392.09, 393.36, 396.38, 399.71, 404.34, 409.66, 415.88, 423.99, 433.80,99999.00,99999.00,99999.00,99999.00,99999.00,99999.00,99999.00,99999.00,99999.00,99999.00,99999.00,99999.00,99999.00,99999.00,99999.00,99999.00,99999.00,99999.00,99999.00,99999.00,99999.00,99999.00,99999.00,99999.00,99999.00,99999.00,99999.00,99999.00,99999.00,99999.00,99999.00,99999.00,99999.00,99999.00,99999.00,99999.00,99999.00,99999.00,99999.00,99999.00,99999.00,99999.00,99999.00,99999.00
99999.00,99999.00,99999.00,99999.00,99999.00,99999.00,99999.00,99999.00,99999.00,99999.00,99999.00,99999.00,99999.00,99999.00,99999.00,99999.00,99999.00,99999.00,99999.00,99999.00,99999.00,99999.00,99999.00,99999.00,99999.00,99999.00,99999.00,99999.00,99999.00,99999.00,99999.00,99999.00,99999.00,99999.00,99999.00,99999.00,99999.00,99999.00,99999.00, 619.11, 603.87, 590.00, 577.30, 565.51, 554.52, 544.16, 534.40, 525.10, 516.27, 507.84, 499.73, 491.91, 484.35, 477.03, 470.15, 463.78, 457.79, 452.30, 447.22, 442.54, 438.23, 433.96, 429.76, 425.64, 421.66, 417.76, 414.10, 410.79, 407.66, 405.44, 403.56, 402.01, 400.77, 399.98, 399.76, 400.32, 401.93, 404.94, 408.70, 413.46, 419.17, 426.03, 434.09, 444.13,99999.00,99999.00,99999.00,99999.00,99999.00,99999.00,99999.00,99999.00,99999.00,99999.00,99999.00,99999.00,99999.00,99999.00,99999.00,99999.00,99999.00,99999.00,99999.00,99999.00,99999.00,99999.00,99999.00,99999.00,99999.00,99999.00,99999.00,99999.00,99999.00,99999.00,99999.00,99999.00,99999.00,99999.00,99999.00,99999.00,99999.00,99999.00,99999.00,99999.00,99999.00,99999.00,99999.00,99999.00
99999.00,99999.00,99999.00,99999.00,99999.00,99999.00,99999.00,99999.00,99999.00,99999.00,99999.00,99999.00,99999.00,99999.00,99999.00,99999.00,99999.00,99999.00,99999.00,99999.00,99999.00,99999.00,99999.00,99999.00,99999.00,99999.00,99999.00,99999.00,99999.00,99999.00,99999.00,99999.00,99999.00,99999.00,99999.00,99999.00,99999.00,99999.00,99999.00, 624.26, 608.94, 595.07, 582.40, 570.62, 559.65, 549.31, 539.55, 530.29, 521.44, 512.94, 504.76, 496.88, 489.26, 482.07, 475.42, 469.17, 463.44, 458.13, 453.30, 448.89, 444.55, 440.29, 436.08, 431.98, 428.02, 424.25, 420.78, 417.62, 414.96, 412.96, 411.21, 409.74, 408.60, 407.94, 407.86, 408.61, 410.51, 413.50, 417.65, 422.36, 428.62, 435.76, 444.11, 454.10,99999.00,99999.00,99999.00,99999.00,99999.00,99999.00,99999.00,99999.00,99999.00,99999.00,99999.00,99999.00,99999.00,99999.00,99999.00,99999.00,99999.00,99999.00,99999.00,99999.00,99999.00,99999.00,99999.00,99999.00,99999.00,99999.00,99999.00,99999.00,99999.00,99999.00,99999.00,99999.00,99999.00,99999.00,99999.00,99999.00,99999.00,99999.00,99999.00,99999.00,99999.00,99999.00,99999.00,99999.00
99999.00,99999.00,99999.00,99999.00,99999.00,99999.00,99999.00,99999.00,99999.00,99999.00,99999.00,99999.00,99999.00,99999.00,99999.00,99999.00,99999.00,99999.00,99999.00,99999.00,99999.00,99999.00,99999.00,99999.00,99999.00,99999.00,99999.00,99999.00,99999.00,99999.00,99999.00,99999.00,99999.00,99999.00,99999.00,99999.00,99999.00,99999.00,99999.00, 629.55, 614.25, 600.40, 587.75, 576.00, 565.04, 554.73, 544.96, 535.64, 526.71, 518.15, 509.91, 501.96, 494.45, 487.50, 480.96, 474.97, 469.42, 464.36, 459.79, 455.36, 451.00, 446.74, 442.58, 438.57, 434.66, 431.00, 427.72, 424.65, 422.51, 420.64, 418.95, 417.56, 416.52, 415.98, 416.05, 416.98, 419.16, 422.16, 426.21, 431.27, 437.58, 445.10, 453.73, 464.01,99999.00,99999.00,99999.00,99999.00,99999.00,99999.00,99999.00,99999.00,99999.00,99999.00,99999.00,99999.00,99999.00,99999.00,99999.00,99999.00,99999.00,99999.00,99999.00,99999.00,99999.00,99999.00,99999.00,99999.00,99999.00,99999.00,99999.00,99999.00,99999.00,99999.00,99999.00,99999.00,99999.00,99999.00,99999.00,99999.00,99999.00,99999.00,99999.00,99999.00,99999.00,99999.00,99999.00,99999.00
99999.00,99999.00,99999.00,99999.00,99999.00,99999.00,99999.00,99999.00,99999.00,99999.00,99999.00,99999.00,99999.00,99999.00,99999.00,99999.00,99999.00,99999.00,99999.00,99999.00,99999.00,99999.00,99999.00,99999.00,99999.00,99999.00,99999.00,99999.00,99999.00,99999.00,99999.00,99999.00,99999.00,99999.00,99999.00,99999.00,99999.00,99999.00,99999.00, 635.10, 619.83, 606.01, 593.37, 581.67, 570.70, 560.33, 550.49, 541.11, 532.12, 523.50, 515.19, 507.32, 500.04, 493.21, 486.94, 481.12, 475.82, 471.03, 466.41, 461.95, 457.60, 453.32, 449.18, 445.19, 441.40, 437.94, 434.80, 432.18, 430.24, 428.42, 426.79, 425.47, 424.53, 424.11, 424.32, 425.43, 427.88, 430.89, 434.90, 440.23, 446.45, 453.98, 462.96, 473.51,99999.00,99999.00,99999.00,99999.00,99999.00,99999.00,99999.00,99999.00,99999.00,99999.00,99999.00,99999.00,99999.00,99999.00,99999.00,99999.00,99999.00,99999.00,99999.00,99999.00,99999.00,99999.00,99999.00,99999.00,99999.00,99999.00,99999.00,99999.00,99999.00,99999.00,99999.00,99999.00,99999.00,99999.00,99999.00,99999.00,99999.00,99999.00,99999.00,99999.00,99999.00,99999.00,99999.00,99999.00
99999.00,99999.00,99999.00,99999.00,99999.00,99999.00,99999.00,99999.00,99999.00,99999.00,99999.00,99999.00,99999.00,99999.00,99999.00,99999.00,99999.00,99999.00,99999.00,99999.00,99999.00,99999.00,99999.00,99999.00,99999.00,99999.00,99999.00,99999.00,99999.00,99999.00,99999.00,99999.00,99999.00,99999.00,99999.00,99999.00,99999.00,99999.00,99999.00, 640.93, 625.69, 611.93, 599.29, 587.53, 576.49, 566.07, 556.17, 546.73, 537.68, 528.98, 520.72, 513.09, 505.92, 499.35, 493.26, 487.70, 482.66, 477.82, 473.16, 468.68, 464.33, 460.10, 456.04, 452.10, 448.42, 445.14, 442.09, 439.99, 438.09, 436.30, 434.73, 433.48, 432.63, 432.32, 432.68, 433.95, 436.66, 439.71, 443.71, 448.94, 455.40, 462.85, 471.81, 482.66,99999.00,99999.00,99999.00,99999.00,99999.00,99999.00,99999.00,99999.00,99999.00,99999.00,99999.00,99999.00,99999.00,99999.00,99999.00,99999.00,99999.00,99999.00,99999.00,99999.00,99999.00,99999.00,99999.00,99999.00,99999.00,99999.00,99999.00,99999.00,99999.00,99999.00,99999.00,99999.00,99999.00,99999.00,99999.00,99999.00,99999.00,99999.00,99999.00,99999.00,99999.00,99999.00,99999.00,99999.00
99999.00,99999.00,99999.00,99999.00,99999.00,99999.00,99999.00,99999.00,99999.00,99999.00,99999.00,99999.00,99999.00,99999.00,99999.00,99999.00,99999.00,99999.00,99999.00,99999.00,99999.00,99999.00,99999.00,99999.00,99999.00,99999.00,99999.00,99999.00,99999.00,99999.00,99999.00,99999.00,99999.00,99999.00,99999.00,99999.00,99999.00,99999.00,99999.00, 647.09, 631.85, 618.05, 605.35, 593.54, 582.46, 571.98, 562.02, 552.51, 543.40, 534.71, 526.68, 519.16, 512.26, 505.87, 500.03, 494.73, 489.64, 484.74, 480.05, 475.57, 471.20, 466.99, 462.95, 459.13, 455.64, 452.50, 449.90, 447.92, 446.05, 444.30, 442.78, 441.60, 440.83, 440.63, 441.12, 442.56, 445.29, 448.60, 452.61, 457.79, 464.29, 471.83, 480.68, 491.51,99999.00,99999.00,99999.00,99999.00,99999.00,99999.00,99999.00,99999.00,99999.00,99999.00,99999.00,99999.00,99999.00,99999.00,99999.00,99999.00,99999.00,99999.00,99999.00,99999.00,99999.00,99999.00,99999.00,99999.00,99999.00,99999.00,99999.00,99999.00,99999.00,99999.00,99999.00,99999.00,99999.00,99999.00,99999.00,99999.00,99999.00,99999.00,99999.00,99999.00,99999.00,99999.00,99999.00,99999.00
99999.00,99999.00,99999.00,99999.00,99999.00,99999.00,99999.00,99999.00,99999.00,99999.00,99999.00,99999.00,99999.00,99999.00,99999.00,99999.00,99999.00,99999.00,99999.00,99999.00,99999.00,99999.00,99999.00,99999.00,99999.00,99999.00,99999.00,99999.00,99999.00,99999.00,99999.00,99999.00,99999.00,99999.00,99999.00,99999.00,99999.00,99999.00,99999.00, 653.46, 638.18, 624.33, 611.60, 599.74, 588.61, 578.07, 568.05, 558.48, 549.32, 540.86, 532.95, 525.69, 518.97, 512.83, 507.25, 501.91, 496.77, 491.81, 487.09, 482.62, 478.29, 474.17, 470.18, 466.46, 463.15, 460.09, 457.95, 455.98, 454.13, 452.41, 450.94, 449.82, 449.13, 449.04, 449.66, 451.26, 454.00, 457.56, 461.59, 466.75, 473.23, 480.81, 489.70, 500.38,99999.00,99999.00,99999.00,99999.00,99999.00,99999.00,99999.00,99999.00,99999.00,99999.00,99999.00,99999.00,99999.00,99999.00,99999.00,99999.00,99999.00,99999.00,99999.00,99999.00,99999.00,99999.00,99999.00,99999.00,99999.00,99999.00,99999.00,99999.00,99999.00,99999.00,99999.00,99999.00,99999.00,99999.00,99999.00,99999.00,99999.00,99999.00,99999.00,99999.00,99999.00,99999.00,99999.00,99999.00
99999.00,99999.00,99999.00,99999.00,99999.00,99999.00,99999.00,99999.00,99999.00,99999.00,99999.00,99999.00,99999.00,99999.00,99999.00,99999.00,99999.00,99999.00,99999.00,99999.00,99999.00,99999.00,99999.00,99999.00,99999.00,99999.00,99999.00,99999.00,99999.00,99999.00,99999.00,99999.00,99999.00,99999.00,99999.00,99999.00,99999.00,99999.00,99999.00, 660.01, 644.70, 630.83, 618.05, 606.15, 594.96, 584.37, 574.28, 564.61, 555.69, 547.35, 539.70, 532.62, 526.16, 520.27, 514.65, 509.25, 504.05, 499.04, 494.32, 489.84, 485.54, 481.43, 477.55, 474.02, 470.84, 468.22, 466.14, 464.18, 462.34, 460.65, 459.22, 458.15, 457.54, 457.54, 458.29, 460.05, 462.80, 466.37, 470.65, 475.81, 482.29, 489.84, 498.76, 509.42,99999.00,99999.00,99999.00,99999.00,99999.00,99999.00,99999.00,99999.00,99999.00,99999.00,99999.00,99999.00,99999.00,99999.00,99999.00,99999.00,99999.00,99999.00,99999.00,99999.00,99999.00,99999.00,99999.00,99999.00,99999.00,99999.00,99999.00,99999.00,99999.00,99999.00,99999.00,99999.00,99999.00,99999.00,99999.00,99999.00,99999.00,99999.00,99999.00,99999.00,99999.00,99999.00,99999.00,99999.00
99999.00,99999.00,99999.00,99999.00,99999.00,99999.00,99999.00,99999.00,99999.00,99999.00,99999.00,99999.00,99999.00,99999.00,99999.00,99999.00,99999.00,99999.00,99999.00,99999.00,99999.00,99999.00,99999.00,99999.00,99999.00,99999.00,99999.00,99999.00,99999.00,99999.00,99999.00,99999.00,99999.00,99999.00,99999.00,99999.00,99999.00,99999.00,99999.00, 666.78, 651.45, 637.54, 624.72, 612.77, 601.53, 590.86, 580.65, 571.22, 562.41, 554.34, 546.87, 540.04, 533.83, 527.91, 522.23, 516.77, 511.51, 506.46, 501.74, 497.30, 493.08, 489.02, 485.25, 481.89, 478.79, 476.57, 474.48, 472.52, 470.69, 469.02, 467.62, 466.61, 466.07, 466.16, 467.02, 468.94, 471.70, 475.26, 479.78, 484.95, 491.44, 498.99, 507.88, 518.57,99999.00,99999.00,99999.00,99999.00,99999.00,99999.00,99999.00,99999.00,99999.00,99999.00,99999.00,99999.00,99999.00,99999.00,99999.00,99999.00,99999.00,99999.00,99999.00,99999.00,99999.00,99999.00,99999.00,99999.00,99999.00,99999.00,99999.00,99999.00,99999.00,99999.00,99999.00,99999.00,99999.00,99999.00,99999.00,99999.00,99999.00,99999.00,99999.00,99999.00,99999.00,99999.00,99999.00,99999.00
99999.00,99999.00,99999.00,99999.00,99999.00,99999.00,99999.00,99999.00,99999.00,99999.00,99999.00,99999.00,99999.00,99999.00,99999.00,99999.00,99999.00,99999.00,99999.00,99999.00,99999.00,99999.00,99999.00,99999.00,99999.00,99999.00,99999.00,99999.00,99999.00,99999.00,99999.00,99999.00,99999.00,99999.00,99999.00,99999.00,99999.00,99999.00,99999.00, 673.79, 658.43, 644.50, 631.64, 619.62, 608.27, 597.49, 587.50, 578.19, 569.65, 561.75, 554.54, 547.97, 541.72, 535.74, 530.00, 524.49, 519.17, 514.09, 509.36, 504.94, 500.74, 496.80, 493.21, 489.98, 487.30, 485.09, 482.99, 481.02, 479.19, 477.53, 476.15, 475.19, 474.70, 474.88, 475.86, 477.92, 480.69, 484.25, 488.76, 494.17, 500.68, 508.23, 517.11, 527.76,99999.00,99999.00,99999.00,99999.00,99999.00,99999.00,99999.00,99999.00,99999.00,99999.00,99999.00,99999.00,99999.00,99999.00,99999.00,99999.00,99999.00,99999.00,99999.00,99999.00,99999.00,99999.00,99999.00,99999.00,99999.00,99999.00,99999.00,99999.00,99999.00,99999.00,99999.00,99999.00,99999.00,99999.00,99999.00,99999.00,99999.00,99999.00,99999.00,99999.00,99999.00,99999.00,99999.00,99999.00
99999.00,99999.00,99999.00,99999.00,99999.00,99999.00,99999.00,99999.00,99999.00,99999.00,99999.00,99999.00,99999.00,99999.00,99999.00,99999.00,99999.00,99999.00,99999.00,99999.00,99999.00,99999.00,99999.00,99999.00,99999.00,99999.00,99999.00,99999.00,99999.00,99999.00,99999.00,99999.00,99999.00,99999.00,99999.00,99999.00,99999.00,99999.00,99999.00, 681.06, 665.68, 651.70, 638.75, 626.64, 615.21, 604.61, 594.74, 585.70, 577.35, 569.70, 562.75, 556.13, 549.83, 543.79, 537.99, 532.41, 527.02, 521.94, 517.26, 512.92, 508.77, 504.94, 501.51, 498.34, 496.02, 493.78, 491.66, 489.68, 487.85, 486.19, 484.83, 483.89, 483.47, 483.72, 484.80, 487.06, 489.93, 493.34, 497.83, 503.47, 509.97, 517.55, 526.43, 537.07,99999.00,99999.00,99999.00,99999.00,99999.00,99999.00,99999.00,99999.00,99999.00,99999.00,99999.00,99999.00,99999.00,99999.00,99999.00,99999.00,99999.00,99999.00,99999.00,99999.00,99999.00,99999.00,99999.00,99999.00,99999.00,99999.00,99999.00,99999.00,99999.00,99999.00,99999.00,99999.00,99999.00,99999.00,99999.00,99999.00,99999.00,99999.00,99999.00,99999.00,99999.00,99999.00,99999.00,99999.00
99999.00,99999.00,99999.00,99999.00,99999.00,99999.00,99999.00,99999.00,99999.00,99999.00,99999.00,99999.00,99999.00,99999.00,99999.00,99999.00,99999.00,99999.00,99999.00,99999.00,99999.00,99999.00,99999.00,99999.00,99999.00,99999.00,99999.00,99999.00,99999.00,99999.00,99999.00,99999.00,99999.00,99999.00,99999.00,99999.00,99999.00,99999.00,99999.00, 688.59, 673.14, 659.09, 646.09, 633.91, 622.61, 612.13, 602.55, 593.70, 585.60, 578.21, 571.21, 564.54, 558.18, 552.08, 546.22, 540.57, 535.13, 530.04, 525.38, 521.06, 517.03, 513.37, 510.07, 507.30, 504.94, 502.67, 500.52, 498.52, 496.67, 495.00, 493.65, 492.74, 492.35, 492.67, 493.92, 496.38, 499.27, 502.68, 507.00, 512.61, 519.35, 526.94, 535.84, 546.47,99999.00,99999.00,99999.00,99999.00,99999.00,99999.00,99999.00,99999.00,99999.00,99999.00,99999.00,99999.00,99999.00,99999.00,99999.00,99999.00,99999.00,99999.00,99999.00,99999.00,99999.00,99999.00,99999.00,99999.00,99999.00,99999.00,99999.00,99999.00,99999.00,99999.00,99999.00,99999.00,99999.00,99999.00,99999.00,99999.00,99999.00,99999.00,99999.00,99999.00,99999.00,99999.00,99999.00,99999.00
99999.00,99999.00,99999.00,99999.00,99999.00,99999.00,99999.00,99999.00,99999.00,99999.00,99999.00,99999.00,99999.00,99999.00,99999.00,99999.00,99999.00,99999.00,99999.00,99999.00,99999.00,99999.00,99999.00,99999.00,99999.00,99999.00,99999.00,99999.00,99999.00,99999.00,99999.00,99999.00,99999.00,99999.00,99999.00,99999.00,99999.00,99999.00,99999.00, 696.32, 680.85, 666.76, 653.71, 641.59, 630.43, 620.25, 610.87, 602.28, 594.44, 587.01, 579.95, 573.23, 566.81, 560.64, 554.71, 548.97, 543.51, 538.47, 533.89, 529.62, 525.69, 522.20, 518.96, 516.48, 514.09, 511.77, 509.58, 507.54, 505.66, 503.99, 502.63, 501.73, 501.37, 501.82, 503.22, 505.87, 508.79, 512.27, 516.43, 521.85, 528.63, 536.41, 545.31, 555.95,99999.00,99999.00,99999.00,99999.00,99999.00,99999.00,99999.00,99999.00,99999.00,99999.00,99999.00,99999.00,99999.00,99999.00,99999.00,99999.00,99999.00,99999.00,99999.00,99999.00,99999.00,99999.00,99999.00,99999.00,99999.00,99999.00,99999.00,99999.00,99999.00,99999.00,99999.00,99999.00,99999.00,99999.00,99999.00,99999.00,99999.00,99999.00,99999.00,99999.00,99999.00,99999.00,99999.00,99999.00
99999.00,99999.00,99999.00,99999.00,99999.00,99999.00,99999.00,99999.00,99999.00,99999.00,99999.00,99999.00,99999.00,99999.00,99999.00,99999.00,99999.00,99999.00,99999.00,99999.00,99999.00,99999.00,99999.00,99999.00,99999.00,99999.00,99999.00,99999.00,99999.00,99999.00,99999.00,99999.00,99999.00,99999.00,99999.00,99999.00,99999.00,99999.00,99999.00, 704.36, 688.87, 674.75, 661.68, 649.73, 638.88, 628.91, 619.80, 611.48, 603.61, 596.12, 589.01, 582.23, 575.74, 569.50, 563.48, 557.66, 552.20, 547.17, 542.61, 538.46, 534.71, 531.34, 528.44, 525.91, 523.47, 521.10, 518.86, 516.78, 514.85, 513.14, 511.77, 510.86, 510.61, 511.17, 512.71, 515.54, 518.49, 521.98, 526.12, 531.35, 537.97, 545.77, 554.86, 565.50,99999.00,99999.00,99999.00,99999.00,99999.00,99999.00,99999.00,99999.00,99999.00,99999.00,99999.00,99999.00,99999.00,99999.00,99999.00,99999.00,99999.00,99999.00,99999.00,99999.00,99999.00,99999.00,99999.00,99999.00,99999.00,99999.00,99999.00,99999.00,99999.00,99999.00,99999.00,99999.00,99999.00,99999.00,99999.00,99999.00,99999.00,99999.00,99999.00,99999.00,99999.00,99999.00,99999.00,99999.00
99999.00,99999.00,99999.00,99999.00,99999.00,99999.00,99999.00,99999.00,99999.00,99999.00,99999.00,99999.00,99999.00,99999.00,99999.00,99999.00,99999.00,99999.00,99999.00,99999.00,99999.00,99999.00,99999.00,99999.00,99999.00,99999.00,99999.00,99999.00,99999.00,99999.00,99999.00,99999.00,99999.00,99999.00,99999.00,99999.00,99999.00,99999.00,99999.00, 712.73, 697.25, 683.01, 670.12, 658.51, 647.90, 638.22, 629.40, 621.06, 613.13, 605.59, 598.42, 591.57, 585.01, 578.69, 572.57, 566.70, 561.28, 556.34, 551.83, 547.78, 544.20, 540.88, 538.20, 535.63, 533.12, 530.69, 528.38, 526.23, 524.25, 522.49, 521.08, 520.24, 520.06, 520.73, 522.41, 525.26, 528.37, 531.87, 536.07, 541.12, 547.66, 555.20, 564.31, 575.12,99999.00,99999.00,99999.00,99999.00,99999.00,99999.00,99999.00,99999.00,99999.00,99999.00,99999.00,99999.00,99999.00,99999.00,99999.00,99999.00,99999.00,99999.00,99999.00,99999.00,99999.00,99999.00,99999.00,99999.00,99999.00,99999.00,99999.00,99999.00,99999.00,99999.00,99999.00,99999.00,99999.00,99999.00,99999.00,99999.00,99999.00,99999.00,99999.00,99999.00,99999.00,99999.00,99999.00,99999.00
99999.00,99999.00,99999.00,99999.00,99999.00,99999.00,99999.00,99999.00,99999.00,99999.00,99999.00,99999.00,99999.00,99999.00,99999.00,99999.00,99999.00,99999.00,99999.00,99999.00,99999.00,99999.00,99999.00,99999.00,99999.00,99999.00,99999.00,99999.00,99999.00,99999.00,99999.00,99999.00,99999.00,99999.00,99999.00,99999.00,99999.00,99999.00,99999.00, 721.39, 705.79, 691.76, 679.24, 667.89, 657.60, 648.25, 639.42, 631.04, 623.07, 615.47, 608.23, 601.31, 594.66, 588.24, 582.00, 576.12, 570.72, 565.80, 561.40, 557.53, 554.07, 551.02, 548.29, 545.65, 543.07, 540.56, 538.16, 535.92, 533.86, 532.03, 530.65, 529.85, 529.74, 530.50, 532.30, 535.18, 538.44, 541.95, 546.14, 551.15, 557.49, 565.09, 573.80, 584.64,99999.00,99999.00,99999.00,99999.00,99999.00,99999.00,99999.00,99999.00,99999.00,99999.00,99999.00,99999.00,99999.00,99999.00,99999.00,99999.00,99999.00,99999.00,99999.00,99999.00,99999.00,99999.00,99999.00,99999.00,99999.00,99999.00,99999.00,99999.00,99999.00,99999.00,99999.00,99999.00,99999.00,99999.00,99999.00,99999.00,99999.00,99999.00,99999.00,99999.00,99999.00,99999.00,99999.00,99999.00
99999.00,99999.00,99999.00,99999.00,99999.00,99999.00,99999.00,99999.00,99999.00,99999.00,99999.00,99999.00,99999.00,99999.00,99999.00,99999.00,99999.00,99999.00,99999.00,99999.00,99999.00,99999.00,99999.00,99999.00,99999.00,99999.00,99999.00,99999.00,99999.00,99999.00,99999.00,99999.00,99999.00,99999.00,99999.00,99999.00,99999.00,99999.00,99999.00, 730.33, 714.84, 701.21, 688.99, 678.00, 668.07, 658.73, 649.90, 641.50, 633.48, 625.81, 618.50, 611.50, 604.75, 598.19, 591.88, 586.04, 580.72, 575.85, 571.56, 567.86, 564.46, 561.53, 558.74, 556.03, 553.36, 550.73, 548.22, 545.87, 543.71, 541.87, 540.49, 539.72, 539.66, 540.49, 542.39, 545.30, 548.57, 552.22, 556.40, 561.45, 567.59, 575.12, 583.89, 594.20,99999.00,99999.00,99999.00,99999.00,99999.00,99999.00,99999.00,99999.00,99999.00,99999.00,99999.00,99999.00,99999.00,99999.00,99999.00,99999.00,99999.00,99999.00,99999.00,99999.00,99999.00,99999.00,99999.00,99999.00,99999.00,99999.00,99999.00,99999.00,99999.00,99999.00,99999.00,99999.00,99999.00,99999.00,99999.00,99999.00,99999.00,99999.00,99999.00,99999.00,99999.00,99999.00,99999.00,99999.00
99999.00,99999.00,99999.00,99999.00,99999.00,99999.00,99999.00,99999.00,99999.00,99999.00,99999.00,99999.00,99999.00,99999.00,99999.00,99999.00,99999.00,99999.00,99999.00,99999.00,99999.00,99999.00,99999.00,99999.00,99999.00,99999.00,99999.00,99999.00,99999.00,99999.00,99999.00,99999.00,99999.00,99999.00,99999.00,99999.00,99999.00,99999.00,99999.00, 739.65, 724.60, 711.31, 699.50, 688.91, 679.04, 669.75, 660.93, 652.50, 644.43, 636.70, 629.30, 622.20, 615.31, 608.59, 602.27, 596.46, 591.15, 586.40, 582.29, 578.71, 575.43, 572.47, 569.62, 566.81, 564.01, 561.25, 558.60, 556.10, 553.89, 552.01, 550.62, 549.85, 549.81, 550.70, 552.69, 555.62, 558.90, 562.68, 566.84, 571.87, 577.96, 585.43, 594.12, 604.48,99999.00,99999.00,99999.00,99999.00,99999.00,99999.00,99999.00,99999.00,99999.00,99999.00,99999.00,99999.00,99999.00,99999.00,99999.00,99999.00,99999.00,99999.00,99999.00,99999.00,99999.00,99999.00,99999.00,99999.00,99999.00,99999.00,99999.00,99999.00,99999.00,99999.00,99999.00,99999.00,99999.00,99999.00,99999.00,99999.00,99999.00,99999.00,99999.00,99999.00,99999.00,99999.00,99999.00,99999.00
99999.00,99999.00,99999.00,99999.00,99999.00,99999.00,99999.00,99999.00,99999.00,99999.00,99999.00,99999.00,99999.00,99999.00,99999.00,99999.00,99999.00,99999.00,99999.00,99999.00,99999.00,99999.00,99999.00,99999.00,99999.00,99999.00,99999.00,99999.00,99999.00,99999.00,99999.00,99999.00,99999.00,99999.00,99999.00,99999.00,99999.00,99999.00,99999.00, 749.70, 735.02, 722.19, 710.82, 700.36, 690.60, 681.37, 672.58, 664.15, 656.03, 648.21, 640.72, 633.47, 626.39, 619.61, 613.33, 607.60, 602.34, 597.69, 593.75, 590.23, 586.91, 583.91, 580.99, 578.05, 575.10, 572.16, 569.31, 566.72, 564.42, 562.48, 561.04, 560.24, 560.21, 561.14, 563.21, 566.16, 569.43, 573.19, 577.48, 582.48, 588.59, 596.00, 604.62, 614.90,99999.00,99999.00,99999.00,99999.00,99999.00,99999.00,99999.00,99999.00,99999.00,99999.00,99999.00,99999.00,99999.00,99999.00,99999.00,99999.00,99999.00,99999.00,99999.00,99999.00,99999.00,99999.00,99999.00,99999.00,99999.00,99999.00,99999.00,99999.00,99999.00,99999.00,99999.00,99999.00,99999.00,99999.00,99999.00,99999.00,99999.00,99999.00,99999.00,99999.00,99999.00,99999.00,99999.00,99999.00
99999.00,99999.00,99999.00,99999.00,99999.00,99999.00,99999.00,99999.00,99999.00,99999.00,99999.00,99999.00,99999.00,99999.00,99999.00,99999.00,99999.00,99999.00,99999.00,99999.00,99999.00,99999.00,99999.00,99999.00,99999.00,99999.00,99999.00,99999.00,99999.00,99999.00,99999.00,99999.00,99999.00,99999.00,99999.00,99999.00,99999.00,99999.00,99999.00, 760.41, 746.23, 733.90, 722.73, 712.45, 702.83, 693.72, 685.00, 676.57, 668.40, 660.49, 652.84, 645.39, 638.15, 631.36, 625.10, 619.38, 614.24, 609.78, 605.94, 602.36, 599.00, 595.96, 592.93, 589.83, 586.67, 583.49, 580.50, 577.76, 575.34, 573.28, 571.75, 570.91, 570.86, 571.80, 573.93, 576.90, 580.16, 583.90, 588.30, 593.28, 599.35, 606.81, 615.40, 625.60,99999.00,99999.00,99999.00,99999.00,99999.00,99999.00,99999.00,99999.00,99999.00,99999.00,99999.00,99999.00,99999.00,99999.00,99999.00,99999.00,99999.00,99999.00,99999.00,99999.00,99999.00,99999.00,99999.00,99999.00,99999.00,99999.00,99999.00,99999.00,99999.00,99999.00,99999.00,99999.00,99999.00,99999.00,99999.00,99999.00,99999.00,99999.00,99999.00,99999.00,99999.00,99999.00,99999.00,99999.00
99999.00,99999.00,99999.00,99999.00,99999.00,99999.00,99999.00,99999.00,99999.00,99999.00,99999.00,99999.00,99999.00,99999.00,99999.00,99999.00,99999.00,99999.00,99999.00,99999.00,99999.00,99999.00,99999.00,99999.00,99999.00,99999.00,99999.00,99999.00,99999.00,99999.00,99999.00,99999.00,99999.00,99999.00,99999.00,99999.00,99999.00,99999.00,99999.00, 771.90, 758.28, 746.21, 735.30, 725.25, 715.85, 706.92, 698.32, 689.93, 681.72, 673.64, 665.77, 658.13, 650.83, 644.07, 637.90, 632.23, 627.20, 622.81, 618.86, 615.23, 611.84, 608.75, 605.58, 602.25, 598.80, 595.40, 592.19, 589.25, 586.63, 584.42, 582.77, 581.85, 581.75, 582.69, 584.86, 587.84, 591.10, 594.82, 599.19, 604.26, 610.30, 617.77, 626.41, 636.57,99999.00,99999.00,99999.00,99999.00,99999.00,99999.00,99999.00,99999.00,99999.00,99999.00,99999.00,99999.00,99999.00,99999.00,99999.00,99999.00,99999.00,99999.00,99999.00,99999.00,99999.00,99999.00,99999.00,99999.00,99999.00,99999.00,99999.00,99999.00,99999.00,99999.00,99999.00,99999.00,99999.00,99999.00,99999.00,99999.00,99999.00,99999.00,99999.00,99999.00,99999.00,99999.00,99999.00,99999.00
99999.00,99999.00,99999.00,99999.00,99999.00,99999.00,99999.00,99999.00,99999.00,99999.00,99999.00,99999.00,99999.00,99999.00,99999.00,99999.00,99999.00,99999.00,99999.00,99999.00,99999.00,99999.00,99999.00,99999.00,99999.00,99999.00,99999.00,99999.00,99999.00,99999.00,99999.00,99999.00,99999.00,99999.00,99999.00,99999.00,99999.00,99999.00,99999.00, 784.22, 770.93, 759.19, 748.60, 738.89, 729.81, 721.11, 712.67, 704.38, 696.13, 687.85, 679.78, 671.98, 664.67, 657.93, 651.77, 646.23, 641.33, 636.78, 632.72, 629.04, 625.60, 622.47, 619.10, 615.44, 611.68, 607.96, 604.43, 601.19, 598.32, 595.91, 594.10, 593.05, 592.89, 593.80, 595.99, 598.99, 602.25, 605.94, 610.26, 615.44, 621.44, 628.86, 637.57, 647.78,99999.00,99999.00,99999.00,99999.00,99999.00,99999.00,99999.00,99999.00,99999.00,99999.00,99999.00,99999.00,99999.00,99999.00,99999.00,99999.00,99999.00,99999.00,99999.00,99999.00,99999.00,99999.00,99999.00,99999.00,99999.00,99999.00,99999.00,99999.00,99999.00,99999.00,99999.00,99999.00,99999.00,99999.00,99999.00,99999.00,99999.00,99999.00,99999.00,99999.00,99999.00,99999.00,99999.00,99999.00
99999.00,99999.00,99999.00,99999.00,99999.00,99999.00,99999.00,99999.00,99999.00,99999.00,99999.00,99999.00,99999.00,99999.00,99999.00,99999.00,99999.00,99999.00,99999.00,99999.00,99999.00,99999.00,99999.00,99999.00,99999.00,99999.00,99999.00,99999.00,99999.00,99999.00,99999.00,99999.00,99999.00,99999.00,99999.00,99999.00,99999.00,99999.00,99999.00, 797.12, 784.21, 772.88, 762.74, 753.29, 744.42, 736.10, 728.10, 720.17, 712.00, 703.54, 695.28, 687.41, 680.14, 673.49, 667.38, 661.76, 656.69, 651.99, 647.82, 644.08, 640.61, 637.40, 633.72, 629.66, 625.43, 621.21, 617.23, 613.60, 610.41, 607.73, 605.71, 604.52, 604.26, 605.13, 607.33, 610.34, 613.59, 617.26, 621.54, 626.67, 632.76, 640.13, 648.86, 659.14,99999.00,99999.00,99999.00,99999.00,99999.00,99999.00,99999.00,99999.00,99999.00,99999.00,99999.00,99999.00,99999.00,99999.00,99999.00,99999.00,99999.00,99999.00,99999.00,99999.00,99999.00,99999.00,99999.00,99999.00,99999.00,99999.00,99999.00,99999.00,99999.00,99999.00,99999.00,99999.00,99999.00,99999.00,99999.00,99999.00,99999.00,99999.00,99999.00,99999.00,99999.00,99999.00,99999.00,99999.00
99999.00,99999.00,99999.00,99999.00,99999.00,99999.00,99999.00,99999.00,99999.00,99999.00,99999.00,99999.00,99999.00,99999.00,99999.00,99999.00,99999.00,99999.00,99999.00,99999.00,99999.00,99999.00,99999.00,99999.00,99999.00,99999.00,99999.00,99999.00,99999.00,99999.00,99999.00,99999.00,99999.00,99999.00,99999.00,99999.00,99999.00,99999.00,99999.00, 810.64, 798.20, 787.39, 777.36, 768.26, 759.98, 752.32, 745.09,99999.00,99999.00,99999.00,99999.00,99999.00,99999.00,99999.00,99999.00,99999.00,99999.00,99999.00,99999.00,99999.00,99999.00,99999.00,99999.00, 645.14, 640.13, 635.20, 630.60, 626.47, 622.87, 619.87, 617.61, 616.23, 615.85, 616.67, 618.86, 621.88, 625.13, 628.77, 633.02, 638.10, 644.27, 651.60, 660.34, 670.63,99999.00,99999.00,99999.00,99999.00,99999.00,99999.00,99999.00,99999.00,99999.00,99999.00,99999.00,99999.00,99999.00,99999.00,99999.00,99999.00,99999.00,99999.00,99999.00,99999.00,99999.00,99999.00,99999.00,99999.00,99999.00,99999.00,99999.00,99999.00,99999.00,99999.00,99999.00,99999.00,99999.00,99999.00,99999.00,99999.00,99999.00,99999.00,99999.00,99999.00,99999.00,99999.00,99999.00,99999.00
99999.00,99999.00,99999.00,99999.00,99999.00,99999.00,99999.00,99999.00,99999.00,99999.00,99999.00,99999.00,99999.00,99999.00,99999.00,99999.00,99999.00,99999.00,99999.00,99999.00,99999.00,99999.00,99999.00,99999.00,99999.00,99999.00,99999.00,99999.00,99999.00,99999.00,99999.00,99999.00,99999.00,99999.00,99999.00,99999.00,99999.00,99999.00,99999.00, 824.81, 812.94, 802.21, 792.43, 783.80, 776.31, 769.76,99999.00,99999.00,99999.00,99999.00,99999.00,99999.00,99999.00,99999.00,99999.00,99999.00,99999.00,99999.00,99999.00,99999.00,99999.00,99999.00,99999.00,99999.00, 655.85, 649.91, 644.52, 639.76, 635.68, 632.31, 629.76, 628.18, 627.66, 628.40, 630.57, 633.61, 636.85, 640.48, 644.69, 649.72, 655.84, 663.25, 672.01, 682.31,99999.00,99999.00,99999.00,99999.00,99999.00,99999.00,99999.00,99999.00,99999.00,99999.00,99999.00,99999.00,99999.00,99999.00,99999.00,99999.00,99999.00,99999.00,99999.00,99999.00,99999.00,99999.00,99999.00,99999.00,99999.00,99999.00,99999.00,99999.00,99999.00,99999.00,99999.00,99999.00,99999.00,99999.00,99999.00,99999.00,99999.00,99999.00,99999.00,99999.00,99999.00,99999.00,99999.00,99999.00
99999.00,99999.00,99999.00,99999.00,99999.00,99999.00,99999.00,99999.00,99999.00,99999.00,99999.00,99999.00,99999.00,99999.00,99999.00,99999.00,99999.00,99999.00,99999.00,99999.00,99999.00,99999.00,99999.00,99999.00,99999.00,99999.00,99999.00,99999.00,99999.00,99999.00,99999.00,99999.00,99999.00,99999.00,99999.00,99999.00,99999.00,99999.00,99999.00, 839.68, 827.93, 817.19, 807.91, 800.09, 793.66,99999.00,99999.00,99999.00,99999.00,99999.00,99999.00,99999.00,99999.00,99999.00,99999.00,99999.00,99999.00,99999.00,99999.00,99999.00,99999.00,99999.00,99999.00,99999.00,99999.00, 664.92, 658.62, 653.40, 648.79, 645.00, 642.14, 640.33, 639.66, 640.31, 642.46, 645.51, 648.76, 652.37, 656.55, 661.53, 667.60, 675.10, 683.87, 694.18,99999.00,99999.00,99999.00,99999.00,99999.00,99999.00,99999.00,99999.00,99999.00,99999.00,99999.00,99999.00,99999.00,99999.00,99999.00,99999.00,99999.00,99999.00,99999.00,99999.00,99999.00,99999.00,99999.00,99999.00,99999.00,99999.00,99999.00,99999.00,99999.00,99999.00,99999.00,99999.00,99999.00,99999.00,99999.00,99999.00,99999.00,99999.00,99999.00,99999.00,99999.00,99999.00,99999.00,99999.00
99999.00,99999.00,99999.00,99999.00,99999.00,99999.00,99999.00,99999.00,99999.00,99999.00,99999.00,99999.00,99999.00,99999.00,99999.00,99999.00,99999.00,99999.00,99999.00,99999.00,99999.00,99999.00,99999.00,99999.00,99999.00,99999.00,99999.00,99999.00,99999.00,99999.00,99999.00,99999.00,99999.00,99999.00,99999.00,99999.00,99999.00,99999.00,99999.00, 854.74, 843.01, 832.46, 823.72, 816.83, 811.76,99999.00,99999.00,99999.00,99999.00,99999.00,99999.00,99999.00,99999.00,99999.00,99999.00,99999.00,99999.00,99999.00,99999.00,99999.00,99999.00,99999.00,99999.00,99999.00,99999.00, 679.82, 672.64, 666.80, 662.12, 657.89, 654.71, 652.66, 651.83, 652.39, 654.50, 657.58, 660.83, 664.43, 668.59, 673.54, 679.55, 686.99, 695.92, 706.25,99999.00,99999.00,99999.00,99999.00,99999.00,99999.00,99999.00,99999.00,99999.00,99999.00,99999.00,99999.00,99999.00,99999.00,99999.00,99999.00,99999.00,99999.00,99999.00,99999.00,99999.00,99999.00,99999.00,99999.00,99999.00,99999.00,99999.00,99999.00,99999.00,99999.00,99999.00,99999.00,99999.00,99999.00,99999.00,99999.00,99999.00,99999.00,99999.00,99999.00,99999.00,99999.00,99999.00,99999.00
99999.00,99999.00,99999.00,99999.00,99999.00,99999.00,99999.00,99999.00,99999.00,99999.00,99999.00,99999.00,99999.00,99999.00,99999.00,99999.00,99999.00,99999.00,99999.00,99999.00,99999.00,99999.00,99999.00,99999.00,99999.00,99999.00,99999.00,99999.00,99999.00,99999.00,99999.00,99999.00,99999.00,99999.00,99999.00,99999.00,99999.00,99999.00,99999.00, 869.82, 858.03, 847.96, 840.05, 834.24, 830.58,99999.00,99999.00,99999.00,99999.00,99999.00,99999.00,99999.00,99999.00,99999.00,99999.00,99999.00,99999.00,99999.00,99999.00,99999.00,99999.00,99999.00,99999.00,99999.00,99999.00, 694.34, 686.66, 680.28, 675.17, 670.94, 667.43, 665.15, 664.16, 664.62, 666.70, 669.80, 673.06, 676.67, 680.81, 685.72, 691.68, 699.06, 708.00, 718.46,99999.00,99999.00,99999.00,99999.00,99999.00,99999.00,99999.00,99999.00,99999.00,99999.00,99999.00,99999.00,99999.00,99999.00,99999.00,99999.00,99999.00,99999.00,99999.00,99999.00,99999.00,99999.00,99999.00,99999.00,99999.00,99999.00,99999.00,99999.00,99999.00,99999.00,99999.00,99999.00,99999.00,99999.00,99999.00,99999.00,99999.00,99999.00,99999.00,99999.00,99999.00,99999.00,99999.00,99999.00
99999.00,99999.00,99999.00,99999.00,99999.00,99999.00,99999.00,99999.00,99999.00,99999.00,99999.00,99999.00,99999.00,99999.00,99999.00,99999.00,99999.00,99999.00,99999.00,99999.00,99999.00,99999.00,99999.00,99999.00,99999.00,99999.00,99999.00,99999.00,99999.00,99999.00,99999.00,99999.00,99999.00,99999.00,99999.00,99999.00,99999.00,99999.00,99999.00, 884.84, 873.29, 863.77, 856.79, 852.34, 849.40,99999.00,99999.00,99999.00,99999.00,99999.00,99999.00,99999.00,99999.00,99999.00,99999.00,99999.00,99999.00,99999.00,99999.00,99999.00,99999.00,99999.00,99999.00,99999.00,99999.00, 708.71, 700.41, 693.95, 688.40, 684.15, 680.30, 677.78, 676.62, 676.99, 679.04, 682.15, 685.42, 689.01, 693.12, 697.98, 703.85, 711.09, 720.03, 730.35,99999.00,99999.00,99999.00,99999.00,99999.00,99999.00,99999.00,99999.00,99999.00,99999.00,99999.00,99999.00,99999.00,99999.00,99999.00,99999.00,99999.00,99999.00,99999.00,99999.00,99999.00,99999.00,99999.00,99999.00,99999.00,99999.00,99999.00,99999.00,99999.00,99999.00,99999.00,99999.00,99999.00,99999.00,99999.00,99999.00,99999.00,99999.00,99999.00,99999.00,99999.00,99999.00,99999.00,99999.00
99999.00,99999.00,99999.00,99999.00,99999.00,99999.00,99999.00,99999.00,99999.00,99999.00,99999.00,99999.00,99999.00,99999.00,99999.00,99999.00,99999.00,99999.00,99999.00,99999.00,99999.00,99999.00,99999.00,99999.00,99999.00,99999.00,99999.00,99999.00,99999.00,99999.00,99999.00,99999.00,99999.00,99999.00,99999.00,99999.00,99999.00,99999.00,99999.00, 900.10, 888.79, 880.10, 874.19, 870.49, 868.22,99999.00,99999.00,99999.00,99999.00,99999.00,99999.00,99999.00,99999.00,99999.00,99999.00,99999.00,99999.00,99999.00,99999.00,99999.00,99999.00,99999.00,99999.00,99999.00,99999.00, 723.09, 714.24, 707.35, 701.80, 697.30, 693.33, 690.56, 689.24, 689.50, 691.51, 694.62, 697.89, 701.47, 705.53, 710.31, 716.05, 723.10, 731.85, 741.90, 753.65,99999.00,99999.00,99999.00,99999.00,99999.00,99999.00,99999.00,99999.00,99999.00,99999.00,99999.00,99999.00,99999.00,99999.00,99999.00,99999.00,99999.00,99999.00,99999.00,99999.00,99999.00,99999.00,99999.00,99999.00,99999.00,99999.00,99999.00,99999.00,99999.00,99999.00,99999.00,99999.00,99999.00,99999.00,99999.00,99999.00,99999.00,99999.00,99999.00,99999.00,99999.00,99999.00,99999.00
99999.00,99999.00,99999.00,99999.00,99999.00,99999.00,99999.00,99999.00,99999.00,99999.00,99999.00,99999.00,99999.00,99999.00,99999.00,99999.00,99999.00,99999.00,99999.00,99999.00,99999.00,99999.00,99999.00,99999.00,99999.00,99999.00,99999.00,99999.00,99999.00,99999.00,99999.00,99999.00,99999.00,99999.00,99999.00,99999.00,99999.00,99999.00,99999.00, 915.61, 904.60, 896.84, 892.06, 888.63, 887.04,99999.00,99999.00,99999.00,99999.00,99999.00,99999.00,99999.00,99999.00,99999.00,99999.00,99999.00,99999.00,99999.00,99999.00,99999.00,99999.00,99999.00,99999.00,99999.00,99999.00, 737.21, 728.28, 720.95, 715.37, 710.52, 706.50, 703.49, 701.99, 702.14, 704.10, 707.22, 710.47, 714.00, 718.00, 722.66, 728.23, 735.02, 743.39, 753.13, 764.20, 777.05,99999.00,99999.00,99999.00,99999.00,99999.00,99999.00,99999.00,99999.00,99999.00,99999.00,99999.00,99999.00,99999.00,99999.00,99999.00,99999.00,99999.00,99999.00,99999.00,99999.00,99999.00,99999.00,99999.00,99999.00,99999.00,99999.00,99999.00,99999.00,99999.00,99999.00,99999.00,99999.00,99999.00,99999.00,99999.00,99999.00,99999.00,99999.00,99999.00,99999.00,99999.00,99999.00
99999.00,99999.00,99999.00,99999.00,99999.00,99999.00,99999.00,99999.00,99999.00,99999.00,99999.00,99999.00,99999.00,99999.00,99999.00,99999.00,99999.00,99999.00,99999.00,99999.00,99999.00,99999.00,99999.00,99999.00,99999.00,99999.00,99999.00,99999.00,99999.00,99999.00,99999.00,99999.00,99999.00,99999.00,99999.00,99999.00,99999.00,99999.00,99999.00, 931.19, 920.93, 914.24, 909.93, 906.78, 905.86,99999.00,99999.00,99999.00,99999.00,99999.00,99999.00,99999.00,99999.00,99999.00,99999.00,99999.00,99999.00,99999.00,99999.00,99999.00,99999.00,99999.00,99999.00,99999.00,99999.00, 751.43, 742.07, 734.73, 728.89, 723.91, 719.84, 716.57, 714.89, 714.92, 716.82, 719.93, 723.15, 726.63, 730.54, 735.06, 740.42, 746.90, 754.82, 764.08, 774.52, 786.28, 799.68, 813.27, 829.41, 845.45, 861.41, 877.33, 893.24, 909.16, 925.08, 940.99, 956.91, 971.89, 986.78,1002.16,1017.57,1033.04,1048.78,1064.85,1080.56,1096.53,1112.96,1129.92,1147.49,1165.78,1184.95,1204.75,1225.88,99999.00,99999.00,99999.00,99999.00,99999.00,99999.00,99999.00,99999.00,99999.00,99999.00,99999.00,99999.00,99999.00,99999.00,99999.00
99999.00,99999.00,99999.00,99999.00,99999.00,99999.00,99999.00,99999.00,99999.00,99999.00,99999.00,99999.00,99999.00,99999.00,99999.00,99999.00,99999.00,99999.00,99999.00,99999.00,99999.00,99999.00,99999.00,99999.00,99999.00,99999.00,99999.00,99999.00,99999.00,99999.00,99999.00,99999.00,99999.00,99999.00,99999.00,99999.00,99999.00,99999.00,99999.00, 947.00, 937.67, 932.11, 927.80, 924.93, 924.68,99999.00,99999.00,99999.00,99999.00,99999.00,99999.00,99999.00,99999.00,99999.00,99999.00,99999.00,99999.00,99999.00,99999.00,99999.00,99999.00,99999.00,99999.00,99999.00,99999.00, 765.86, 756.08, 748.70, 742.51, 737.47, 733.34, 729.81, 727.94, 727.85, 729.67, 732.75, 735.94, 739.35, 743.15, 747.50, 752.63, 758.76, 766.20, 775.00, 784.72, 795.59, 807.65, 820.25, 833.49, 846.87, 861.81, 876.71, 891.60, 906.50, 921.40, 936.30, 951.19, 966.09, 980.99, 995.89,1011.02,1026.40,1041.36,1056.49,1071.96,1087.83,1104.15,1120.98,1138.39,1156.05,1174.48,1194.00,1214.92,99999.00,99999.00,99999.00,99999.00,99999.00,99999.00,99999.00,99999.00,99999.00,99999.00,99999.00,99999.00,99999.00,99999.00,99999.00
99999.00,99999.00,99999.00,99999.00,99999.00,99999.00,99999.00,99999.00,99999.00,99999.00,99999.00,99999.00,99999.00,99999.00,99999.00,99999.00,99999.00,99999.00,99999.00,99999.00,99999.00,99999.00,99999.00,99999.00,99999.00,99999.00,99999.00,99999.00,99999.00,99999.00,99999.00,99999.00,99999.00,99999.00,99999.00,99999.00,99999.00,99999.00,99999.00, 963.33, 955.07, 949.98, 945.67, 943.08, 943.50,99999.00,99999.00,99999.00,99999.00,99999.00,99999.00,99999.00,99999.00,99999.00,99999.00,99999.00,99999.00,99999.00,99999.00,99999.00,99999.00,99999.00,99999.00,99999.00,99999.00, 780.13, 770.30, 762.65, 756.31, 751.21, 747.01, 743.22, 741.15, 740.91, 742.65, 745.69, 748.87, 752.19, 755.85, 760.03, 764.90, 770.68, 777.63, 785.95, 795.05, 805.04, 816.06, 828.00, 839.89, 852.28, 865.32, 878.61, 892.80, 906.99, 921.19, 935.38, 949.57, 963.77, 977.96, 992.15,1006.35,1020.79,1035.51,1050.54,1065.91,1081.65,1097.81,1114.01,1130.68,1148.06,1166.28,1185.55,1206.16,99999.00,99999.00,99999.00,99999.00,99999.00,99999.00,99999.00,99999.00,99999.00,99999.00,99999.00,99999.00,99999.00,99999.00,99999.00
99999.00,99999.00,99999.00,99999.00,99999.00,99999.00,99999.00,99999.00,99999.00,99999.00,99999.00,99999.00,99999.00,99999.00,99999.00,99999.00,99999.00,99999.00,99999.00,99999.00,99999.00,99999.00,99999.00,99999.00,99999.00,99999.00,99999.00,99999.00,99999.00,99999.00,99999.00,99999.00,99999.00,99999.00,99999.00,99999.00,99999.00,99999.00,99999.00, 980.07, 972.94, 967.85, 963.54, 961.23, 962.32,99999.00,99999.00,99999.00,99999.00,99999.00,99999.00,99999.00,99999.00,99999.00,99999.00,99999.00,99999.00,99999.00,99999.00,99999.00,99999.00,99999.00,99999.00,99999.00,99999.00, 794.63, 784.74, 776.73, 770.33, 765.15, 760.81, 756.80, 754.53, 754.14, 755.78, 758.76, 761.92, 765.17, 768.69, 772.67, 777.27, 782.69, 789.15, 796.92, 805.57, 814.82, 824.88, 835.88, 847.20, 858.94, 870.62, 882.92, 895.97, 909.25, 922.95, 936.66, 950.36, 964.07, 977.77, 991.47,1005.18,1018.88,1032.86,1047.15,1061.77,1076.77,1092.19,1108.11,1124.58,1141.70,1159.61,1178.48,1198.56,99999.00,99999.00,99999.00,99999.00,99999.00,99999.00,99999.00,99999.00,99999.00,99999.00,99999.00,99999.00,99999.00,99999.00,99999.00
99999.00,99999.00,99999.00,99999.00,99999.00,99999.00,99999.00,99999.00,99999.00,99999.00,99999.00,99999.00,99999.00,99999.00,99999.00,99999.00,99999.00,99999.00,99999.00,99999.00,99999.00,99999.00,99999.00,99999.00,99999.00,99999.00,99999.00,99999.00,99999.00,99999.00,99999.00,99999.00,99999.00,99999.00,99999.00,99999.00,99999.00,99999.00,99999.00, 997.47, 990.81, 985.72, 981.40, 979.38, 981.15,99999.00,99999.00,99999.00,99999.00,99999.00,99999.00,99999.00,99999.00,99999.00,99999.00,99999.00,99999.00,99999.00,99999.00,99999.00,99999.00,99999.00,99999.00,99999.00,99999.00, 809.38, 799.22, 791.05, 784.57, 779.31, 774.69, 770.59, 768.09, 767.55, 769.07, 771.98, 775.10, 778.33, 781.70, 785.47, 789.81, 794.87, 800.85, 808.01, 816.24, 824.96, 834.23, 844.23, 855.11, 866.07, 877.20, 888.84, 900.53, 912.83, 925.87, 939.15, 952.53, 965.90, 979.28, 992.65,1006.02,1019.40,1032.77,1046.45,1060.46,1074.86,1089.68,1104.98,1120.84,1137.36,1154.67,1172.93,1192.40,99999.00,99999.00,99999.00,99999.00,99999.00,99999.00,99999.00,99999.00,99999.00,99999.00,99999.00,99999.00,99999.00,99999.00,99999.00
99999.00,99999.00,99999.00,99999.00,99999.00,99999.00,99999.00,99999.00,99999.00,99999.00,99999.00,99999.00,99999.00,99999.00,99999.00,99999.00,99999.00,99999.00,99999.00,99999.00,99999.00,99999.00,99999.00,99999.00,99999.00,99999.00,99999.00,99999.00,99999.00,99999.00,99999.00,99999.00,99999.00,99999.00,99999.00,99999.00,99999.00,99999.00,99999.00,1015.34,1008.68,1003.58, 999.27, 997.52, 999.97,99999.00,99999.00,99999.00,99999.00,99999.00,99999.00,99999.00,99999.00,99999.00,99999.00,99999.00,99999.00,99999.00,99999.00,99999.00,99999.00,99999.00,99999.00,99999.00,99999.00, 824.30, 813.88, 805.63, 799.06, 793.65, 788.80, 784.61, 781.88, 781.16, 782.55, 785.37, 788.43, 791.63, 794.91, 798.48, 802.54, 807.25, 812.78, 819.35, 827.16, 835.41, 844.11, 853.30, 863.17, 873.92, 884.65, 895.52, 906.65, 918.29, 929.98, 942.28, 955.32, 968.49, 981.66, 994.83,1008.00,1021.17,1034.34,1047.51,1061.02,1074.90,1089.21,1104.01,1119.37,1135.38,1152.17,1169.93,1188.89,99999.00,99999.00,99999.00,99999.00,99999.00,99999.00,99999.00,99999.00,99999.00,99999.00,99999.00,99999.00,99999.00,99999.00,99999.00
99999.00,99999.00,99999.00,99999.00,99999.00,99999.00,99999.00,99999.00,99999.00,99999.00,99999.00,99999.00,99999.00,99999.00,99999.00,99999.00,99999.00,99999.00,99999.00,99999.00,99999.00,99999.00,99999.00,99999.00,99999.00,99999.00,99999.00,99999.00,99999.00,99999.00,99999.00,99999.00,99999.00,99999.00,99999.00,99999.00,99999.00,99999.00,99999.00,1033.21,1026.55,1021.45,1017.14,1015.67,1018.79,99999.00,99999.00,99999.00,99999.00,99999.00,99999.00,99999.00,99999.00,99999.00,99999.00,99999.00,99999.00,99999.00,99999.00,99999.00,99999.00,99999.00,99999.00,99999.00,99999.00, 839.37, 828.84, 820.50, 813.84, 808.13, 803.17, 798.87, 795.91, 795.00, 796.24, 798.96, 801.95, 805.10, 808.36, 811.75, 815.54, 819.91, 825.02, 831.04, 838.20, 846.24, 854.44, 863.04, 872.10, 881.84, 892.47, 903.14, 913.89, 924.76, 935.88, 947.53, 959.21, 971.51, 984.56, 997.63,1010.70,1023.78,1036.85,1049.93,1063.00,1076.45,1090.33,1104.69,1119.61,1135.19,1151.55,1168.87,1187.40,99999.00,99999.00,99999.00,99999.00,99999.00,99999.00,99999.00,99999.00,99999.00,99999.00,99999.00,99999.00,99999.00,99999.00,99999.00
99999.00,99999.00,99999.00,99999.00,99999.00,99999.00,99999.00,99999.00,99999.00,99999.00,99999.00,99999.00,99999.00,99999.00,99999.00,99999.00,99999.00,99999.00,99999.00,99999.00,99999.00,99999.00,99999.00,99999.00,99999.00,99999.00,99999.00,99999.00,99999.00,99999.00,99999.00,99999.00,99999.00,99999.00,99999.00,99999.00,99999.00,99999.00,99999.00,1051.08,1044.42,1039.32,1035.01,1033.82,1037.61,99999.00,99999.00,99999.00,99999.00,99999.00,99999.00,99999.00,99999.00,99999.00,99999.00,99999.00,99999.00,99999.00,99999.00,99999.00,99999.00,99999.00,99999.00,99999.00,99999.00, 854.80, 844.14, 835.71, 828.88, 822.92, 817.86, 813.43, 810.22, 809.11, 810.20, 812.79, 815.70, 818.78, 822.00, 825.35, 828.87, 832.92, 837.61, 843.12, 849.64, 857.32, 865.28, 873.38, 881.85, 890.78, 900.39, 910.96, 921.63, 932.38, 943.12, 954.00, 965.12, 976.76, 988.45,1000.75,1013.79,1026.87,1039.94,1053.02,1066.09,1079.16,1092.66,1106.65,1121.20,1136.40,1152.39,1169.33,1187.48,99999.00,99999.00,99999.00,99999.00,99999.00,99999.00,99999.00,99999.00,99999.00,99999.00,99999.00,99999.00,99999.00,99999.00,99999.00
99999.00,99999.00,99999.00,99999.00,99999.00,99999.00,99999.00,99999.00,99999.00,99999.00,99999.00,99999.00,99999.00,99999.00,99999.00,99999.00,99999.00,99999.00,99999.00,99999.00,99999.00,99999.00,99999.00,99999.00,99999.00,99999.00,99999.00,99999.00,99999.00,99999.00,99999.00,99999.00,99999.00,99999.00,99999.00,99999.00,99999.00,99999.00,99999.00,1068.95,1062.28,1057.19,1052.88,1051.97,1056.43,99999.00,99999.00,99999.00,99999.00,99999.00,99999.00,99999.00,99999.00,99999.00,99999.00,99999.00,99999.00,99999.00,99999.00,99999.00,99999.00,99999.00,99999.00,99999.00,99999.00, 870.64, 859.85, 851.31, 844.16, 838.09, 832.90, 828.33, 824.85, 823.54, 824.47, 826.93, 829.72, 832.73, 835.88, 839.18, 842.61, 846.34, 850.64, 855.68, 861.62, 868.68, 876.50, 884.35, 892.32, 900.66, 909.46, 919.02, 929.58, 940.26, 951.00, 961.75, 972.58, 983.45, 994.58,1006.22,1017.90,1030.20,1043.25,1056.32,1069.39,1082.47,1095.54,1109.20,1123.42,1138.29,1153.94,1170.56,1188.38,99999.00,99999.00,99999.00,99999.00,99999.00,99999.00,99999.00,99999.00,99999.00,99999.00,99999.00,99999.00,99999.00,99999.00,99999.00
99999.00,99999.00,99999.00,99999.00,99999.00,99999.00,99999.00,99999.00,99999.00,99999.00,99999.00,99999.00,99999.00,99999.00,99999.00,99999.00,99999.00,99999.00,99999.00,99999.00,99999.00,99999.00,99999.00,99999.00,99999.00,99999.00,99999.00,99999.00,99999.00,99999.00,99999.00,99999.00,99999.00,99999.00,99999.00,99999.00,99999.00,99999.00,99999.00,1086.81,1080.15,1075.06,1070.75,1070.12,1075.25,99999.00,99999.00,99999.00,99999.00,99999.00,99999.00,99999.00,99999.00,99999.00,99999.00,99999.00,99999.00,99999.00,99999.00,99999.00,99999.00,99999.00,99999.00,99999.00,99999.00, 886.95, 876.01, 867.29, 859.89, 853.69, 848.36, 843.62, 839.88, 838.35, 839.10, 841.41, 844.09, 847.01, 850.08, 853.32, 856.69, 860.26, 864.20, 868.79, 874.18, 880.58, 888.09, 895.85, 903.57, 911.40, 919.62, 928.36, 937.92, 948.49, 959.16, 969.90, 980.65, 991.48,1002.35,1013.33,1024.46,1036.10,1047.79,1060.08,1073.13,1086.20,1099.28,1112.35,1126.28,1140.86,1156.22,1172.54,1190.07,99999.00,99999.00,99999.00,99999.00,99999.00,99999.00,99999.00,99999.00,99999.00,99999.00,99999.00,99999.00,99999.00,99999.00,99999.00
99999.00,99999.00,99999.00,99999.00,99999.00,99999.00,99999.00,99999.00,99999.00,99999.00,99999.00,99999.00,99999.00,99999.00,99999.00,99999.00,99999.00,99999.00,99999.00,99999.00,99999.00,99999.00,99999.00,99999.00,99999.00,99999.00,99999.00,99999.00,99999.00,99999.00,99999.00,99999.00,99999.00,99999.00,99999.00,99999.00,99999.00,99999.00,99999.00,1104.68,1098.02,1092.93,1088.62,1088.27,1094.63,99999.00,99999.00,99999.00,99999.00,99999.00,99999.00,99999.00,99999.00,99999.00,99999.00,99999.00,99999.00,99999.00,99999.00,99999.00,99999.00,99999.00,99999.00,99999.00,99999.00, 903.84, 892.73, 883.69, 876.16, 869.82, 864.33, 859.39, 855.37, 853.61, 854.17, 856.34, 858.89, 861.69, 864.68, 867.83, 871.14, 874.65, 878.38, 882.56, 887.45, 893.24, 900.13, 907.76, 915.40, 923.07, 930.78, 938.94, 947.69, 957.24, 967.81, 978.48, 989.23, 999.97,1010.80,1021.67,1032.65,1043.78,1055.01,1066.65,1078.34,1090.64,1103.68,1116.75,1129.83,1144.15,1159.25,1175.31,1192.58,99999.00,99999.00,99999.00,99999.00,99999.00,99999.00,99999.00,99999.00,99999.00,99999.00,99999.00,99999.00,99999.00,99999.00,99999.00
99999.00,99999.00,99999.00,99999.00,99999.00,99999.00,99999.00,99999.00,99999.00,99999.00,99999.00,99999.00,99999.00,99999.00,99999.00,99999.00,99999.00,99999.00,99999.00,99999.00,99999.00,99999.00,99999.00,99999.00,99999.00,99999.00,99999.00,99999.00,99999.00,99999.00,99999.00,99999.00,99999.00,99999.00,99999.00,99999.00,99999.00,99999.00,99999.00,1122.55,1115.89,1110.79,1106.48,1107.07,1114.67,99999.00,99999.00,99999.00,99999.00,99999.00,99999.00,99999.00,99999.00,99999.00,99999.00,99999.00,99999.00,99999.00,99999.00,99999.00,99999.00,99999.00,99999.00,99999.00,99999.00, 921.35, 910.06, 900.75, 893.08, 886.59, 880.91, 875.72, 871.42, 869.43, 869.80, 871.79, 874.20, 876.89, 879.77, 882.84, 886.07, 889.50, 893.17, 897.11, 901.54, 906.77, 912.98, 920.30, 927.84, 935.35, 942.99, 950.70, 958.86, 967.60, 977.16, 987.72, 998.40,1009.14,1019.89,1030.71,1041.59,1052.57,1063.70,1074.93,1086.50,1098.14,1109.83,1122.13,1135.17,1148.24,1163.07,1178.89,1195.93,99999.00,99999.00,99999.00,99999.00,99999.00,99999.00,99999.00,99999.00,99999.00,99999.00,99999.00,99999.00,99999.00,99999.00,99999.00
99999.00,99999.00,99999.00,99999.00,99999.00,99999.00,99999.00,99999.00,99999.00,99999.00,99999.00,99999.00,99999.00,99999.00,99999.00,99999.00,99999.00,99999.00,99999.00,99999.00,99999.00,99999.00,99999.00,99999.00,99999.00,99999.00,99999.00,99999.00,99999.00,99999.00,99999.00,99999.00,99999.00,99999.00,99999.00,99999.00,99999.00,99999.00,99999.00,1140.42,1133.76,1128.66,1125.14,1126.66,1134.82,99999.00,99999.00,99999.00,99999.00,99999.00,99999.00,99999.00,99999.00,99999.00,99999.00,99999.00,99999.00,99999.00,99999.00,99999.00,99999.00,99999.00,99999.00,99999.00,99999.00, 939.70, 928.07, 918.62, 910.80, 904.14, 898.25, 892.75, 888.17, 885.93, 886.09, 887.91, 890.18, 892.73, 895.50, 898.48, 901.61, 904.96, 908.55, 912.41, 916.61, 921.32, 926.92, 933.61, 941.02, 948.45, 955.93, 963.55, 971.42, 979.58, 988.32, 997.88,1008.44,1019.12,1029.86,1040.61,1051.44,1062.31,1073.29,1084.42,1095.65,1107.22,1118.86,1130.55,1142.59,1154.89,1167.93,1183.15,1199.97,99999.00,99999.00,99999.00,99999.00,99999.00,99999.00,99999.00,99999.00,99999.00,99999.00,99999.00,99999.00,99999.00,99999.00,99999.00
99999.00,99999.00,99999.00,99999.00,99999.00,99999.00,99999.00,99999.00,99999.00,99999.00,99999.00,99999.00,99999.00,99999.00,99999.00,99999.00,99999.00,99999.00,99999.00,99999.00,99999.00,99999.00,99999.00,99999.00,99999.00,99999.00,99999.00,99999.00,99999.00,99999.00,99999.00,99999.00,99999.00,99999.00,99999.00,99999.00,99999.00,99999.00,99999.00,1158.29,1151.63,1147.53,1144.74,1147.20,1155.77,99999.00,99999.00,99999.00,99999.00,99999.00,99999.00,99999.00,99999.00,99999.00,99999.00,99999.00,99999.00,99999.00,99999.00,99999.00,99999.00,99999.00,99999.00,99999.00,99999.00, 959.04, 947.14, 937.54, 929.56, 922.70, 916.51, 910.65, 905.77, 903.29, 903.24, 904.88, 906.98, 909.41, 912.06, 914.92, 917.96, 921.22, 924.72, 928.50, 932.61, 937.12, 942.15, 948.16, 955.26, 962.60, 969.91, 977.45, 985.17, 993.22,1001.38,1010.12,1019.68,1030.24,1040.92,1051.66,1062.41,1073.23,1084.11,1095.09,1106.22,1117.45,1129.02,1140.66,1152.35,1164.39,1176.69,1189.35,1205.10,99999.00,99999.00,99999.00,99999.00,99999.00,99999.00,99999.00,99999.00,99999.00,99999.00,99999.00,99999.00,99999.00,99999.00,99999.00
99999.00,99999.00,99999.00,99999.00,99999.00,99999.00,99999.00,99999.00,99999.00,99999.00,99999.00,99999.00,99999.00,99999.00,99999.00,99999.00,99999.00,99999.00,99999.00,99999.00,99999.00,99999.00,99999.00,99999.00,99999.00,99999.00,99999.00,99999.00,99999.00,99999.00,99999.00,99999.00,99999.00,99999.00,99999.00,99999.00,99999.00,99999.00,99999.00,1176.16,1171.10,1167.61,1165.56,1168.96,1178.05,99999.00,99999.00,99999.00,99999.00,99999.00,99999.00,99999.00,99999.00,99999.00,99999.00,99999.00,99999.00,99999.00,99999.00,99999.00,99999.00,99999.00,99999.00,99999.00,99999.00, 979.64, 967.58, 957.83, 949.66, 942.52, 935.89, 929.68, 924.50, 921.76, 921.49, 922.94, 924.88, 927.16, 929.68, 932.43, 935.37, 938.53, 941.93, 945.62, 949.64, 954.07, 959.01, 964.40, 970.87, 978.08, 985.32, 992.70,1000.31,1008.19,1016.35,1024.63,1033.38,1042.93,1053.50,1064.17,1074.92,1085.66,1096.49,1107.36,1118.34,1129.47,1140.70,1152.27,1163.92,1175.60,1187.64,1199.94,1212.61,99999.00,99999.00,99999.00,99999.00,99999.00,99999.00,99999.00,99999.00,99999.00,99999.00,99999.00,99999.00,99999.00,99999.00,99999.00
99999.00,99999.00,99999.00,99999.00,99999.00,99999.00,99999.00,99999.00,99999.00,99999.00,99999.00,99999.00,99999.00,99999.00,99999.00,99999.00,99999.00,99999.00,99999.00,99999.00,99999.00,99999.00,99999.00,99999.00,99999.00,99999.00,99999.00,99999.00,99999.00,99999.00,99999.00,99999.00,99999.00,99999.00,99999.00,99999.00,99999.00,99999.00,99999.00,99999.00,99999.00,99999.00,99999.00,99999.00,99999.00,99999.00,99999.00,99999.00,99999.00,99999.00,99999.00,99999.00,99999.00,99999.00,99999.00,99999.00,99999.00,99999.00,99999.00,99999.00,99999.00,99999.00,99999.00,99999.00,99999.00,99999.00,99999.00,99999.00,99999.00,99999.00,99999.00,99999.00,99999.00,99999.00,99999.00,99999.00,99999.00,99999.00,99999.00,99999.00,99999.00,99999.00,99999.00,99999.00,99999.00,99999.00,99999.00,99999.00,99999.00,99999.00,99999.00,99999.00,99999.00,99999.00,99999.00,99999.00,99999.00,99999.00,99999.00,99999.00,99999.00,99999.00,99999.00,99999.00,99999.00,99999.00,99999.00,99999.00,99999.00,99999.00,99999.00,99999.00,99999.00,99999.00,99999.00,99999.00,99999.00,99999.00,99999.00,99999.00,99999.00,99999.00,99999.00,99999.00,99999.00,99999.00,99999.00,99999.00
99999.00,99999.00,99999.00,99999.00,99999.00,99999.00,99999.00,99999.00,99999.00,99999.00,99999.00,99999.00,99999.00,99999.00,99999.00,99999.00,99999.00,99999.00,99999.00,99999.00,99999.00,99999.00,99999.00,99999.00,99999.00,99999.00,99999.00,99999.00,99999.00,99999.00,99999.00,99999.00,99999.00,99999.00,99999.00,99999.00,99999.00,99999.00,99999.00,99999.00,99999.00,99999.00,99999.00,99999.00,99999.00,99999.00,99999.00,99999.00,99999.00,99999.00,99999.00,99999.00,99999.00,99999.00,99999.00,99999.00,99999.00,99999.00,99999.00,99999.00,99999.00,99999.00,99999.00,99999.00,99999.00,99999.00,99999.00,99999.00,99999.00,99999.00,99999.00,99999.00,99999.00,99999.00,99999.00,99999.00,99999.00,99999.00,99999.00,99999.00,99999.00,99999.00,99999.00,99999.00,99999.00,99999.00,99999.00,99999.00,99999.00,99999.00,99999.00,99999.00,99999.00,99999.00,99999.00,99999.00,99999.00,99999.00,99999.00,99999.00,99999.00,99999.00,99999.00,99999.00,99999.00,99999.00,99999.00,99999.00,99999.00,99999.00,99999.00,99999.00,99999.00,99999.00,99999.00,99999.00,99999.00,99999.00,99999.00,99999.00,99999.00,99999.00,99999.00,99999.00,99999.00,99999.00,99999.00,99999.00
99999.00,99999.00,99999.00,99999.00,99999.00,99999.00,99999.00,99999.00,99999.00,99999.00,99999.00,99999.00,99999.00,99999.00,99999.00,99999.00,99999.00,99999.00,99999.00,99999.00,99999.00,99999.00,99999.00,99999.00,99999.00,99999.00,99999.00,99999.00,99999.00,99999.00,99999.00,99999.00,99999.00,99999.00,99999.00,99999.00,99999.00,99999.00,99999.00,99999.00,99999.00,99999.00,99999.00,99999.00,99999.00,99999.00,99999.00,99999.00,99999.00,99999.00,99999.00,99999.00,99999.00,99999.00,99999.00,99999.00,99999.00,99999.00,99999.00,99999.00,99999.00,99999.00,99999.00,99999.00,99999.00,99999.00,99999.00,99999.00,99999.00,99999.00,99999.00,99999.00,99999.00,99999.00,99999.00,99999.00,99999.00,99999.00,99999.00,99999.00,99999.00,99999.00,99999.00,99999.00,99999.00,99999.00,99999.00,99999.00,99999.00,99999.00,99999.00,99999.00,99999.00,99999.00,99999.00,99999.00,99999.00,99999.00,99999.00,99999.00,99999.00,99999.00,99999.00,99999.00,99999.00,99999.00,99999.00,99999.00,99999.00,99999.00,99999.00,99999.00,99999.00,99999.00,99999.00,99999.00,99999.00,99999.00,99999.00,99999.00,99999.00,99999.00,99999.00,99999.00,99999.00,99999.00,99999.00,99999.00
99999.00,99999.00,99999.00,99999.00,99999.00,99999.00,99999.00,99999.00,99999.00,99999.00,99999.00,99999.00,99999.00,99999.00,99999.00,99999.00,99999.00,99999.00,99999.00,99999.00,99999.00,99999.00,99999.00,99999.00,99999.00,99999.00,99999.00,99999.00,99999.00,99999.00,99999.00,99999.00,99999.00,99999.00,99999.00,99999.00,99999.00,99999.00,99999.00,99999.00,99999.00,99999.00,99999.00,99999.00,99999.00,99999.00,99999.00,99999.00,99999.00,99999.00,99999.00,99999.00,99999.00,99999.00,99999.00,99999.00,99999.00,99999.00,99999.00,99999.00,99999.00,99999.00,99999.00,99999.00,99999.00,99999.00,99999.00,99999.00,99999.00,99999.00,99999.00,99999.00,99999.00,99999.00,99999.00,99999.00,99999.00,99999.00,99999.00,99999.00,99999.00,99999.00,99999.00,99999.00,99999.00,99999.00,99999.00,99999.00,99999.00,99999.00,99999.00,99999.00,99999.00,99999.00,99999.00,99999.00,99999.00,99999.00,99999.00,99999.00,99999.00,99999.00,99999.00,99999.00,99999.00,99999.00,99999.00,99999.00,99999.00,99999.00,99999.00,99999.00,99999.00,99999.00,99999.00,99999.00,99999.00,99999.00,99999.00,99999.00,99999.00,99999.00,99999.00,99999.00,99999.00,99999.00,99999.00,99999.00
99999.00,99999.00,99999.00,99999.00,99999.00,99999.00,99999.00,99999.00,99999.00,99999.00,99999.00,99999.00,99999.00,99999.00,99999.00,99999.00,99999.00,99999.00,99999.00,99999.00,99999.00,99999.00,99999.00,99999.00,99999.00,99999.00,99999.00,99999.00,99999.00,99999.00,99999.00,99999.00,99999.00,99999.00,99999.00,99999.00,99999.00,99999.00,99999.00,99999.00,99999.00,99999.00,99999.00,99999.00,99999.00,99999.00,99999.00,99999.00,99999.00,99999.00,99999.00,99999.00,99999.00,99999.00,99999.00,99999.00,99999.00,99999.00,99999.00,99999.00,99999.00,99999.00,99999.00,99999.00,99999.00,99999.00,99999.00,99999.00,99999.00,99999.00,99999.00,99999.00,99999.00,99999.00,99999.00,99999.00,99999.00,99999.00,99999.00,99999.00,99999.00,99999.00,99999.00,99999.00,99999.00,99999.00,99999.00,99999.00,99999.00,99999.00,99999.00,99999.00,99999.00,99999.00,99999.00,99999.00,99999.00,99999.00,99999.00,99999.00,99999.00,99999.00,99999.00,99999.00,99999.00,99999.00,99999.00,99999.00,99999.00,99999.00,99999.00,99999.00,99999.00,99999.00,99999.00,99999.00,99999.00,99999.00,99999.00,99999.00,99999.00,99999.00,99999.00,99999.00,99999.00,99999.00,99999.00,99999.00
99999.00,99999.00,99999.00,99999.00,99999.00,99999.00,99999.00,99999.00,99999.00,99999.00,99999.00,99999.00,99999.00,99999.00,99999.00,99999.00,99999.00,99999.00,99999.00,99999.00,99999.00,99999.00,99999.00,99999.00,99999.00,99999.00,99999.00,99999.00,99999.00,99999.00,99999.00,99999.00,99999.00,99999.00,99999.00,99999.00,99999.00,99999.00,99999.00,99999.00,99999.00,99999.00,99999.00,99999.00,99999.00,99999.00,99999.00,99999.00,99999.00,99999.00,99999.00,99999.00,99999.00,99999.00,99999.00,99999.00,99999.00,99999.00,99999.00,99999.00,99999.00,99999.00,99999.00,99999.00,99999.00,99999.00,99999.00,99999.00,99999.00,99999.00,99999.00,99999.00,99999.00,99999.00,99999.00,99999.00,99999.00,99999.00,99999.00,99999.00,99999.00,99999.00,99999.00,99999.00,99999.00,99999.00,99999.00,99999.00,99999.00,99999.00,99999.00,99999.00,99999.00,99999.00,99999.00,99999.00,99999.00,99999.00,99999.00,99999.00,99999.00,99999.00,99999.00,99999.00,99999.00,99999.00,99999.00,99999.00,99999.00,99999.00,99999.00,99999.00,99999.00,99999.00,99999.00,99999.00,99999.00,99999.00,99999.00,99999.00,99999.00,99999.00,99999.00,99999.00,99999.00,99999.00,99999.00,99999.00
99999.00,99999.00,99999.00,99999.00,99999.00,99999.00,99999.00,99999.00,99999.00,99999.00,99999.00,99999.00,99999.00,99999.00,99999.00,99999.00,99999.00,99999.00,99999.00,99999.00,99999.00,99999.00,99999.00,99999.00,99999.00,99999.00,99999.00,99999.00,99999.00,99999.00,99999.00,99999.00,99999.00,99999.00,99999.00,99999.00,99999.00,99999.00,99999.00,99999.00,99999.00,99999.00,99999.00,99999.00,99999.00,99999.00,99999.00,99999.00,99999.00,99999.00,99999.00,99999.00,99999.00,99999.00,99999.00,99999.00,99999.00,99999.00,99999.00,99999.00,99999.00,99999.00,99999.00,99999.00,99999.00,99999.00,99999.00,99999.00,99999.00,99999.00,99999.00,99999.00,99999.00,99999.00,99999.00,99999.00,99999.00,99999.00,99999.00,99999.00,99999.00,99999.00,99999.00,99999.00,99999.00,99999.00,99999.00,99999.00,99999.00,99999.00,99999.00,99999.00,99999.00,99999.00,99999.00,99999.00,99999.00,99999.00,99999.00,99999.00,99999.00,99999.00,99999.00,99999.00,99999.00,99999.00,99999.00,99999.00,99999.00,99999.00,99999.00,99999.00,99999.00,99999.00,99999.00,99999.00,99999.00,99999.00,99999.00,99999.00,99999.00,99999.00,99999.00,99999.00,99999.00,99999.00,99999.00,99999.00
99999.00,99999.00,99999.00,99999.00,99999.00,99999.00,99999.00,99999.00,99999.00,99999.00,99999.00,99999.00,99999.00,99999.00,99999.00,99999.00,99999.00,99999.00,99999.00,99999.00,99999.00,99999.00,99999.00,99999.00,99999.00,99999.00,99999.00,99999.00,99999.00,99999.00,99999.00,99999.00,99999.00,99999.00,99999.00,99999.00,99999.00,99999.00,99999.00,99999.00,99999.00,99999.00,99999.00,99999.00,99999.00,99999.00,99999.00,99999.00,99999.00,99999.00,99999.00,99999.00,99999.00,99999.00,99999.00,99999.00,99999.00,99999.00,99999.00,99999.00,99999.00,99999.00,99999.00,99999.00,99999.00,99999.00,99999.00,99999.00,99999.00,99999.00,99999.00,99999.00,99999.00,99999.00,99999.00,99999.00,99999.00,99999.00,99999.00,99999.00,99999.00,99999.00,99999.00,99999.00,99999.00,99999.00,99999.00,99999.00,99999.00,99999.00,99999.00,99999.00,99999.00,99999.00,99999.00,99999.00,99999.00,99999.00,99999.00,99999.00,99999.00,99999.00,99999.00,99999.00,99999.00,99999.00,99999.00,99999.00,99999.00,99999.00,99999.00,99999.00,99999.00,99999.00,99999.00,99999.00,99999.00,99999.00,99999.00,99999.00,99999.00,99999.00,99999.00,99999.00,99999.00,99999.00,99999.00,99999.00
99999.00,99999.00,99999.00,99999.00,99999.00,99999.00,99999.00,99999.00,99999.00,99999.00,99999.00,99999.00,99999.00,99999.00,99999.00,99999.00,99999.00,99999.00,99999.00,99999.00,99999.00,99999.00,99999.00,99999.00,99999.00,99999.00,99999.00,99999.00,99999.00,99999.00,99999.00,99999.00,99999.00,99999.00,99999.00,99999.00,99999.00,99999.00,99999.00,99999.00,99999.00,99999.00,99999.00,99999.00,99999.00,99999.00,99999.00,99999.00,99999.00,99999.00,99999.00,99999.00,99999.00,99999.00,99999.00,99999.00,99999.00,99999.00,99999.00,99999.00,99999.00,99999.00,99999.00,99999.00,99999.00,99999.00,99999.00,99999.00,99999.00,99999.00,99999.00,99999.00,99999.00,99999.00,99999.00,99999.00,99999.00,99999.00,99999.00,99999.00,99999.00,99999.00,99999.00,99999.00,99999.00,99999.00,99999.00,99999.00,99999.00,99999.00,99999.00,99999.00,99999.00,99999.00,99999.00,99999.00,99999.00,99999.00,99999.00,99999.00,99999.00,99999.00,99999.00,99999.00,99999.00,99999.00,99999.00,99999.00,99999.00,99999.00,99999.00,99999.00,99999.00,99999.00,99999.00,99999.00,99999.00,99999.00,99999.00,99999.00,99999.00,99999.00,99999.00,99999.00,99999.00,99999.00,99999.00,99999.00
99999.00,99999.00,99999.00,99999.00,99999.00,99999.00,99999.00,99999.00,99999.00,99999.00,99999.00,99999.00,99999.00,99999.00,99999.00,99999.00,99999.00,99999.00,99999.00,99999.00,99999.00,99999.00,99999.00,99999.00,99999.00,99999.00,99999.00,99999.00,99999.00,99999.00,99999.00,99999.00,99999.00,99999.00,99999.00,99999.00,99999.00,99999.00,99999.00,99999.00,99999.00,99999.00,99999.00,99999.00,99999.00,99999.00,99999.00,99999.00,99999.00,99999.00,99999.00,99999.00,99999.00,99999.00,99999.00,99999.00,99999.00,99999.00,99999.00,99999.00,99999.00,99999.00,99999.00,99999.00,99999.00,99999.00,99999.00,99999.00,99999.00,99999.00,99999.00,99999.00,99999.00,99999.00,99999.00,99999.00,99999.00,99999.00,99999.00,99999.00,99999.00,99999.00,99999.00,99999.00,99999.00,99999.00,99999.00,99999.00,99999.00,99999.00,99999.00,99999.00,99999.00,99999.00,99999.00,99999.00,99999.00,99999.00,99999.00,99999.00,99999.00,99999.00,99999.00,99999.00,99999.00,99999.00,99999.00,99999.00,99999.00,99999.00,99999.00,99999.00,99999.00,99999.00,99999.00,99999.00,99999.00,99999.00,99999.00,99999.00,99999.00,99999.00,99999.00,99999.00,99999.00,99999.00,99999.00,99999.00
99999.00,99999.00,99999.00,99999.00,99999.00,99999.00,99999.00,99999.00,99999.00,99999.00,99999.00,99999.00,99999.00,99999.00,99999.00,99999.00,99999.00,99999.00,99999.00,99999.00,99999.00,99999.00,99999.00,99999.00,99999.00,99999.00,99999.00,99999.00,99999.00,99999.00,99999.00,99999.00,99999.00,99999.00,99999.00,99999.00,99999.00,99999.00,99999.00,99999.00,99999.00,99999.00,99999.00,99999.00,99999.00,99999.00,99999.00,99999.00,99999.00,99999.00,99999.00,99999.00,99999.00,99999.00,99999.00,99999.00,99999.00,99999.00,99999.00,99999.00,99999.00,99999.00,99999.00,99999.00,99999.00,99999.00,99999.00,99999.00,99999.00,99999.00,99999.00,99999.00,99999.00,99999.00,99999.00,99999.00,99999.00,99999.00,99999.00,99999.00,99999.00,99999.00,99999.00,99999.00,99999.00,99999.00,99999.00,99999.00,99999.00,99999.00,99999.00,99999.00,99999.00,99999.00,99999.00,99999.00,99999.00,99999.00,99999.00,99999.00,99999.00,99999.00,99999.00,99999.00,99999.00,99999.00,99999.00,99999.00,99999.00,99999.00,99999.00,99999.00,99999.00,99999.00,99999.00,99999.00,99999.00,99999.00,99999.00,99999.00,99999.00,99999.00,99999.00,99999.00,99999.00,99999.00,99999.00,99999.00
99999.00,99999.00,99999.00,99999.00,99999.00,99999.00,99999.00,99999.00,99999.00,99999.00,99999.00,99999.00,99999.00,99999.00,99999.00,99999.00,99999.00,99999.00,99999.00,99999.00,99999.00,99999.00,99999.00,99999.00,99999.00,99999.00,99999.00,99999.00,99999.00,99999.00,99999.00,99999.00,99999.00,99999.00,99999.00,99999.00,99999.00,99999.00,99999.00,99999.00,99999.00,99999.00,99999.00,99999.00,99999.00,99999.00,99999.00,99999.00,99999.00,99999.00,99999.00,99999.00,99999.00,99999.00,99999.00,99999.00,99999.00,99999.00,99999.00,99999.00,99999.00,99999.00,99999.00,99999.00,99999.00,99999.00,99999.00,99999.00,99999.00,99999.00,99999.00,99999.00,99999.00,99999.00,99999.00,99999.00,99999.00,99999.00,99999.00,99999.00,99999.00,99999.00,99999.00,99999.00,99999.00,99999.00,99999.00,99999.00,99999.00,99999.00,99999.00,99999.00,99999.00,99999.00,99999.00,99999.00,99999.00,99999.00,99999.00,99999.00,99999.00,99999.00,99999.00,99999.00,99999.00,99999.00,99999.00,99999.00,99999.00,99999.00,99999.00,99999.00,99999.00,99999.00,99999.00,99999.00,99999.00,99999.00,99999.00,99999.00,99999.00,99999.00,99999.00,99999.00,99999.00,99999.00,99999.00,99999.00
99999.00,99999.00,99999.00,99999.00,99999.00,99999.00,99999.00,99999.00,99999.00,99999.00,99999.00,99999.00,99999.00,99999.00,99999.00,99999.00,99999.00,99999.00,99999.00,99999.00,99999.00,99999.00,99999.00,99999.00,99999.00,99999.00,99999.00,99999.00,99999.00,99999.00,99999.00,99999.00,99999.00,99999.00,99999.00,99999.00,99999.00,99999.00,99999.00,99999.00,99999.00,99999.00,99999.00,99999.00,99999.00,99999.00,99999.00,99999.00,99999.00,99999.00,99999.00,99999.00,99999.00,99999.00,99999.00,99999.00,99999.00,99999.00,99999.00,99999.00,99999.00,99999.00,99999.00,99999.00,99999.00,99999.00,99999.00,99999.00,99999.00,99999.00,99999.00,99999.00,99999.00,99999.00,99999.00,99999.00,99999.00,99999.00,99999.00,99999.00,99999.00,99999.00,99999.00,99999.00,99999.00,99999.00,99999.00,99999.00,99999.00,99999.00,99999.00,99999.00,99999.00,99999.00,99999.00,99999.00,99999.00,99999.00,99999.00,99999.00,99999.00,99999.00,99999.00,99999.00,99999.00,99999.00,99999.00,99999.00,99999.00,99999.00,99999.00,99999.00,99999.00,99999.00,99999.00,99999.00,99999.00,99999.00,99999.00,99999.00,99999.00,99999.00,99999.00,99999.00,99999.00,99999.00,99999.00,99999.00
99999.00,99999.00,99999.00,99999.00,99999.00,99999.00,99999.00,99999.00,99999.00,99999.00,99999.00,99999.00,99999.00,99999.00,99999.00,99999.00,99999.00,99999.00,99999.00,99999.00,99999.00,99999.00,99999.00,99999.00,99999.00,99999.00,99999.00,99999.00,99999.00,99999.00,99999.00,99999.00,99999.00,99999.00,99999.00,99999.00,99999.00,99999.00,99999.00,99999.00,99999.00,99999.00,99999.00,99999.00,99999.00,99999.00,99999.00,99999.00,99999.00,99999.00,99999.00,99999.00,99999.00,99999.00,99999.00,99999.00,99999.00,99999.00,99999.00,99999.00,99999.00,99999.00,99999.00,99999.00,99999.00,99999.00,99999.00,99999.00,99999.00,99999.00,99999.00,99999.00,99999.00,99999.00,99999.00,99999.00,99999.00,99999.00,99999.00,99999.00,99999.00,99999.00,99999.00,99999.00,99999.00,99999.00,99999.00,99999.00,99999.00,99999.00,99999.00,99999.00,99999.00,99999.00,99999.00,99999.00,99999.00,99999.00,99999.00,99999.00,99999.00,99999.00,99999.00,99999.00,99999.00,99999.00,99999.00,99999.00,99999.00,99999.00,99999.00,99999.00,99999.00,99999.00,99999.00,99999.00,99999.00,99999.00,99999.00,99999.00,99999.00,99999.00,99999.00,99999.00,99999.00,99999.00,99999.00,99999.00
99999.00,99999.00,99999.00,99999.00,99999.00,99999.00,99999.00,99999.00,99999.00,99999.00,99999.00,99999.00,99999.00,99999.00,99999.00,99999.00,99999.00,99999.00,99999.00,99999.00,99999.00,99999.00,99999.00,99999.00,99999.00,99999.00,99999.00,99999.00,99999.00,99999.00,99999.00,99999.00,99999.00,99999.00,99999.00,99999.00,99999.00,99999.00,99999.00,99999.00,99999.00,99999.00,99999.00,99999.00,99999.00,99999.00,99999.00,99999.00,99999.00,99999.00,99999.00,99999.00,99999.00,99999.00,99999.00,99999.00,99999.00,99999.00,99999.00,99999.00,99999.00,99999.00,99999.00,99999.00,99999.00,99999.00,99999.00,99999.00,99999.00,99999.00,99999.00,99999.00,99999.00,99999.00,99999.00,99999.00,99999.00,99999.00,99999.00,99999.00,99999.00,99999.00,99999.00,99999.00,99999.00,99999.00,99999.00,99999.00,99999.00,99999.00,99999.00,99999.00,99999.00,99999.00,99999.00,99999.00,99999.00,99999.00,99999.00,99999.00,99999.00,99999.00,99999.00,99999.00,99999.00,99999.00,99999.00,99999.00,99999.00,99999.00,99999.00,99999.00,99999.00,99999.00,99999.00,99999.00,99999.00,99999.00,99999.00,99999.00,99999.00,99999.00,99999.00,99999.00,99999.00,99999.00,99999.00,99999.00
