99999.00,99999.00,99999.00,99999.00,99999.00,99999.00,99999.00,99999.00,99999.00,99999.00,99999.00,99999.00,99999.00,99999.00,99999.00,99999.00,99999.00,99999.00,99999.00,99999.00,99999.00,99999.00,99999.00,99999.00,99999.00,99999.00,99999.00,99999.00,99999.00,99999.00,99999.00,99999.00,99999.00,99999.00,99999.00,99999.00,99999.00,99999.00,99999.00,99999.00,99999.00,99999.00,99999.00,99999.00,99999.00,99999.00,99999.00,99999.00,99999.00,99999.00,99999.00,99999.00,99999.00,99999.00,99999.00,99999.00,99999.00,99999.00,99999.00,99999.00,99999.00,99999.00,99999.00,99999.00,99999.00,99999.00,99999.00,99999.00,99999.00,99999.00,99999.00,99999.00,99999.00,99999.00,99999.00,99999.00,99999.00,99999.00,99999.00,99999.00,99999.00,99999.00,99999.00,99999.00,99999.00,99999.00,99999.00,99999.00,99999.00,99999.00,99999.00,99999.00,99999.00,99999.00,99999.00,99999.00,99999.00,99999.00,99999.00,99999.00,99999.00,99999.00,99999.00,99999.00,99999.00,99999.00,99999.00,99999.00,99999.00,99999.00,99999.00,99999.00,99999.00,99999.00,99999.00,99999.00,99999.00,99999.00,99999.00,99999.00,99999.00,99999.00,99999.00,99999.00,99999.00,99999.00,99999.00,99999.00,99999.00,99999.00,99999.00,99999.00
99999.00,99999.00,99999.00,99999.00,99999.00,99999.00,99999.00,99999.00,99999.00,99999.00,99999.00,99999.00,99999.00,99999.00,99999.00,99999.00,99999.00,99999.00,99999.00,99999.00,99999.00,99999.00,99999.00,99999.00,99999.00,99999.00,99999.00,99999.00,99999.00,99999.00,99999.00,99999.00,99999.00,99999.00,99999.00,99999.00,99999.00,99999.00,99999.00,99999.00,99999.00,99999.00,99999.00,99999.00,99999.00,99999.00,99999.00,99999.00,99999.00,99999.00,99999.00,99999.00,99999.00,99999.00,99999.00,99999.00,99999.00,99999.00,99999.00,99999.00,99999.00,99999.00,99999.00,99999.00,99999.00,99999.00,99999.00,99999.00,99999.00,99999.00,99999.00,99999.00,99999.00,99999.00,99999.00,99999.00,99999.00,99999.00,99999.00,99999.00,99999.00,99999.00,99999.00,99999.00,99999.00,99999.00,99999.00,99999.00,99999.00,99999.00,99999.00,99999.00,99999.00,99999.00,99999.00,99999.00,99999.00,99999.00,99999.00,99999.00,99999.00,99999.00,99999.00,99999.00,99999.00,99999.00,99999.00,99999.00,99999.00,99999.00,99999.00,99999.00,99999.00,99999.00,99999.00,99999.00,99999.00,99999.00,99999.00,99999.00,99999.00,99999.00,99999.00,99999.00,99999.00,99999.00,99999.00,99999.00,99999.00,99999.00,99999.00,99999.00
99999.00,99999.00,99999.00,99999.00,99999.00,99999.00,99999.00,99999.00,99999.00,99999.00,99999.00,99999.00,99999.00,99999.00,99999.00,99999.00,99999.00,99999.00,99999.00,99999.00,99999.00,99999.00,99999.00,99999.00,99999.00,99999.00,99999.00,99999.00,99999.00,99999.00,99999.00,99999.00,99999.00,99999.00,99999.00,99999.00,99999.00,99999.00,99999.00,99999.00,99999.00,99999.00,99999.00,99999.00,99999.00,99999.00,99999.00,99999.00,99999.00,99999.00,99999.00,99999.00,99999.00,99999.00,99999.00,99999.00,99999.00,99999.00,99999.00,99999.00,99999.00,99999.00,99999.00,99999.00,99999.00,99999.00,99999.00,99999.00,99999.00,99999.00,99999.00,99999.00,99999.00,99999.00,99999.00,99999.00,99999.00,99999.00,99999.00,99999.00,99999.00,99999.00,99999.00,99999.00,99999.00,99999.00,99999.00,99999.00,99999.00,99999.00,99999.00,99999.00,99999.00,99999.00,99999.00,99999.00,99999.00,99999.00,99999.00,99999.00,99999.00,99999.00,99999.00,99999.00,99999.00,99999.00,99999.00,99999.00,99999.00,99999.00,99999.00,99999.00,99999.00,99999.00,99999.00,99999.00,99999.00,99999.00,99999.00,99999.00,99999.00,99999.00,99999.00,99999.00,99999.00,99999.00,99999.00,99999.00,99999.00,99999.00,99999.00,99999.00
99999.00,99999.00,99999.00,99999.00,99999.00,99999.00,99999.00,99999.00,99999.00,99999.00,99999.00,99999.00,99999.00,99999.00,99999.00,99999.00,99999.00,99999.00,99999.00,99999.00,99999.00,99999.00,99999.00,99999.00,99999.00,99999.00,99999.00,99999.00,99999.00,99999.00,99999.00,99999.00,99999.00,99999.00,99999.00,99999.00,99999.00,99999.00,99999.00,99999.00,99999.00,99999.00,99999.00,99999.00,99999.00,99999.00,99999.00,99999.00,99999.00,99999.00,99999.00,99999.00,99999.00,99999.00,99999.00,99999.00,99999.00,99999.00,99999.00,99999.00,99999.00,99999.00,99999.00,99999.00,99999.00,99999.00,99999.00,99999.00,99999.00,99999.00,99999.00,99999.00,99999.00,99999.00,99999.00,99999.00,99999.00,99999.00,99999.00,99999.00,99999.00,99999.00,99999.00,99999.00,99999.00,99999.00,99999.00,99999.00,99999.00,99999.00,99999.00,99999.00,99999.00,99999.00,99999.00,99999.00,99999.00,99999.00,99999.00,99999.00,99999.00,99999.00,99999.00,99999.00,99999.00,99999.00,99999.00,99999.00,99999.00,99999.00,99999.00,99999.00,99999.00,99999.00,99999.00,99999.00,99999.00,99999.00,99999.00,99999.00,99999.00,99999.00,99999.00,99999.00,99999.00,99999.00,99999.00,99999.00,99999.00,99999.00,99999.00,99999.00
99999.00,99999.00,99999.00,99999.00,99999.00,99999.00,99999.00,99999.00,99999.00,99999.00,99999.00,99999.00,99999.00,99999.00,99999.00,99999.00,99999.00,99999.00,99999.00,99999.00,99999.00,99999.00,99999.00,99999.00,99999.00,99999.00,99999.00,99999.00,99999.00,99999.00,99999.00,99999.00,99999.00,99999.00,99999.00,99999.00,99999.00,99999.00,99999.00,99999.00,99999.00,99999.00,99999.00,99999.00,99999.00,99999.00,99999.00,99999.00,99999.00,99999.00,99999.00,99999.00,99999.00,99999.00,99999.00,99999.00,99999.00,99999.00,99999.00,99999.00,99999.00,99999.00,99999.00,99999.00,99999.00,99999.00,99999.00,99999.00,99999.00,99999.00,99999.00,99999.00,99999.00,99999.00,99999.00,99999.00,99999.00,99999.00,99999.00,99999.00,99999.00,99999.00,99999.00,99999.00,99999.00,99999.00,99999.00,99999.00,99999.00,99999.00,99999.00,99999.00,99999.00,99999.00,99999.00,99999.00,99999.00,99999.00,99999.00,99999.00,99999.00,99999.00,99999.00,99999.00,99999.00,99999.00,99999.00,99999.00,99999.00,99999.00,99999.00,99999.00,99999.00,99999.00,99999.00,99999.00,99999.00,99999.00,99999.00,99999.00,99999.00,99999.00,99999.00,99999.00,99999.00,99999.00,99999.00,99999.00,99999.00,99999.00,99999.00,99999.00
99999.00,99999.00,99999.00,99999.00,99999.00,99999.00,99999.00,99999.00,99999.00,99999.00,99999.00,99999.00,99999.00,99999.00,99999.00,99999.00,99999.00,99999.00,99999.00,99999.00,99999.00,99999.00,99999.00,99999.00,99999.00,99999.00,99999.00,99999.00,99999.00,99999.00,99999.00,99999.00,99999.00,99999.00,99999.00,99999.00,99999.00,99999.00,99999.00,99999.00,99999.00,99999.00,99999.00,99999.00,99999.00,99999.00,99999.00,99999.00,99999.00,99999.00,99999.00,99999.00,99999.00,99999.00,99999.00,99999.00,99999.00,99999.00,99999.00,99999.00,99999.00,99999.00,99999.00,99999.00,99999.00,99999.00,99999.00,99999.00,99999.00,99999.00,99999.00,99999.00,99999.00,99999.00,99999.00,99999.00,99999.00,99999.00,99999.00,99999.00,99999.00,99999.00,99999.00,99999.00,99999.00,99999.00,99999.00,99999.00,99999.00,99999.00,99999.00,99999.00,99999.00,99999.00,99999.00,99999.00,99999.00,99999.00,99999.00,99999.00,99999.00,99999.00,99999.00,99999.00,99999.00,99999.00,99999.00,99999.00,99999.00,99999.00,99999.00,99999.00,99999.00,99999.00,99999.00,99999.00,99999.00,99999.00,99999.00,99999.00,99999.00,99999.00,99999.00,99999.00,99999.00,99999.00,99999.00,99999.00,99999.00,99999.00,99999.00,99999.00
99999.00,99999.00,99999.00,99999.00,99999.00,99999.00,99999.00,99999.00,99999.00,99999.00,99999.00,99999.00,99999.00,99999.00,99999.00,99999.00,99999.00,99999.00,99999.00,99999.00,99999.00,99999.00,99999.00,99999.00,99999.00,99999.00,99999.00,99999.00,99999.00,99999.00,99999.00,99999.00,99999.00,99999.00,99999.00,99999.00,99999.00,99999.00,99999.00,99999.00,99999.00,99999.00,99999.00,99999.00,99999.00,99999.00,99999.00,99999.00,99999.00,99999.00,99999.00,99999.00,99999.00,99999.00,99999.00,99999.00,99999.00,99999.00,99999.00,99999.00,99999.00,99999.00,99999.00,99999.00,99999.00,99999.00,99999.00,99999.00,99999.00,99999.00,99999.00,99999.00,99999.00,99999.00,99999.00,99999.00,99999.00,99999.00,99999.00,99999.00,99999.00,99999.00,99999.00,99999.00,99999.00,99999.00,99999.00,99999.00,99999.00,99999.00,99999.00,99999.00,99999.00,99999.00,99999.00,99999.00,99999.00,99999.00,99999.00,99999.00,99999.00,99999.00,99999.00,99999.00,99999.00,99999.00,99999.00,99999.00,99999.00,99999.00,99999.00,99999.00,99999.00,99999.00,99999.00,99999.00,99999.00,99999.00,99999.00,99999.00,99999.00,99999.00,99999.00,99999.00,99999.00,99999.00,99999.00,99999.00,99999.00,99999.00,99999.00,99999.00
99999.00,99999.00,99999.00,99999.00,99999.00,99999.00,99999.00,99999.00,99999.00,99999.00,99999.00,99999.00,99999.00,99999.00,99999.00,99999.00,99999.00,99999.00,99999.00,99999.00,99999.00,99999.00,99999.00,99999.00,99999.00,99999.00,99999.00,99999.00,99999.00,99999.00,99999.00,99999.00,99999.00,99999.00,99999.00,99999.00,99999.00,99999.00,99999.00,99999.00,99999.00,99999.00,99999.00,99999.00,99999.00,99999.00,99999.00,99999.00,99999.00,99999.00,99999.00,99999.00,99999.00,99999.00,99999.00,99999.00,99999.00,99999.00,99999.00,99999.00,99999.00,99999.00,99999.00,99999.00,99999.00,99999.00,99999.00,99999.00,99999.00,99999.00,99999.00,99999.00,99999.00,99999.00,99999.00,99999.00,99999.00,99999.00,99999.00,99999.00,99999.00,99999.00,99999.00,99999.00,99999.00,99999.00,99999.00,99999.00,99999.00,99999.00,99999.00,99999.00,99999.00,99999.00,99999.00,99999.00,99999.00,99999.00,99999.00,99999.00,99999.00,99999.00,99999.00,99999.00,99999.00,99999.00,99999.00,99999.00,99999.00,99999.00,99999.00,99999.00,99999.00,99999.00,99999.00,99999.00,99999.00,99999.00,99999.00,99999.00,99999.00,99999.00,99999.00,99999.00,99999.00,99999.00,99999.00,99999.00,99999.00,99999.00,99999.00,99999.00
99999.00,99999.00,99999.00,99999.00,99999.00,99999.00,99999.00,99999.00,99999.00,99999.00,99999.00,99999.00,99999.00,99999.00,99999.00,99999.00,99999.00,99999.00,99999.00,99999.00,99999.00,99999.00,99999.00,99999.00,99999.00,99999.00,99999.00,99999.00,99999.00,99999.00,99999.00,99999.00,99999.00,99999.00,99999.00,99999.00,99999.00,99999.00,99999.00,99999.00,99999.00,99999.00,99999.00,99999.00,99999.00,99999.00,99999.00,99999.00,99999.00,99999.00,99999.00,99999.00,99999.00,99999.00,99999.00,99999.00,99999.00,99999.00,99999.00,99999.00,99999.00,99999.00,99999.00,99999.00,99999.00,99999.00,99999.00,99999.00,99999.00,99999.00,99999.00,99999.00,99999.00,99999.00,99999.00,99999.00,99999.00,99999.00,99999.00,99999.00,99999.00,99999.00,99999.00,99999.00,99999.00,99999.00,99999.00,99999.00,99999.00,99999.00,99999.00,99999.00,99999.00,99999.00,99999.00,99999.00,99999.00,99999.00,99999.00,99999.00,99999.00,99999.00,99999.00,99999.00,99999.00,99999.00,99999.00,99999.00,99999.00,99999.00,99999.00,99999.00,99999.00,99999.00,99999.00,99999.00,99999.00,99999.00,99999.00,99999.00,99999.00,99999.00,99999.00,99999.00,99999.00,99999.00,99999.00,99999.00,99999.00,99999.00,99999.00,99999.00
99999.00,99999.00,99999.00,99999.00,99999.00,99999.00,99999.00,99999.00,99999.00,99999.00,99999.00,99999.00,99999.00,99999.00,99999.00,99999.00,99999.00,99999.00,99999.00,99999.00,99999.00,99999.00,99999.00,99999.00,99999.00,99999.00,99999.00,99999.00,99999.00,99999.00,99999.00,99999.00,99999.00,99999.00,99999.00,99999.00,99999.00,99999.00,99999.00,99999.00,99999.00,99999.00,99999.00,99999.00,99999.00,99999.00,99999.00,99999.00,99999.00,99999.00,99999.00,99999.00,99999.00,99999.00,99999.00,99999.00,99999.00,99999.00,99999.00,99999.00,99999.00,99999.00,99999.00,99999.00,99999.00,99999.00,99999.00,99999.00,99999.00,99999.00,99999.00,99999.00,99999.00,99999.00,99999.00,99999.00,99999.00,99999.00,99999.00,99999.00,99999.00,99999.00,99999.00,99999.00,99999.00,99999.00,99999.00,99999.00,99999.00,99999.00,99999.00,99999.00,99999.00,99999.00,99999.00,99999.00,99999.00,99999.00,99999.00,99999.00,99999.00,99999.00,99999.00,99999.00,99999.00,99999.00,99999.00,99999.00,99999.00,99999.00,99999.00,99999.00,99999.00,99999.00,99999.00,99999.00,99999.00,99999.00,99999.00,99999.00,99999.00,99999.00,99999.00,99999.00,99999.00,99999.00,99999.00,99999.00,99999.00,99999.00,99999.00,99999.00
99999.00,99999.00,99999.00,99999.00,99999.00,99999.00,99999.00,99999.00,99999.00,99999.00,99999.00,99999.00,99999.00,99999.00,99999.00,99999.00,99999.00,99999.00,99999.00,99999.00,99999.00,99999.00,99999.00,99999.00,99999.00,99999.00,99999.00,99999.00,99999.00,99999.00,99999.00,99999.00,99999.00,99999.00,99999.00,99999.00,99999.00,99999.00,99999.00,99999.00,99999.00,99999.00,99999.00,99999.00,99999.00,99999.00,99999.00,99999.00,99999.00,99999.00,99999.00,99999.00,99999.00,99999.00,99999.00,99999.00,99999.00,99999.00,99999.00,99999.00,99999.00,99999.00,99999.00,99999.00,99999.00,99999.00,99999.00,99999.00,99999.00,99999.00,99999.00,99999.00,99999.00,99999.00,99999.00,99999.00,99999.00,99999.00,99999.00,99999.00,99999.00,99999.00,99999.00,99999.00,99999.00,99999.00,99999.00,99999.00,99999.00,99999.00,99999.00,99999.00,99999.00,99999.00,99999.00,99999.00,99999.00,99999.00,99999.00,99999.00,99999.00,99999.00,99999.00,99999.00,99999.00,99999.00,99999.00,99999.00,99999.00,99999.00,99999.00,99999.00,99999.00,99999.00,99999.00,99999.00,99999.00,99999.00,99999.00,99999.00,99999.00,99999.00,99999.00,99999.00,99999.00,99999.00,99999.00,99999.00,99999.00,99999.00,99999.00,99999.00
99999.00,99999.00,99999.00,99999.00,99999.00,99999.00,99999.00,99999.00,99999.00,99999.00,99999.00,99999.00,99999.00,99999.00,99999.00,99999.00,99999.00,99999.00,99999.00,99999.00,99999.00,99999.00,99999.00,99999.00,99999.00,99999.00,99999.00,99999.00,99999.00,99999.00,99999.00,99999.00,99999.00,99999.00,99999.00,99999.00,99999.00,99999.00,99999.00,99999.00,99999.00,99999.00,99999.00,99999.00,99999.00,99999.00,99999.00,99999.00,99999.00,99999.00,99999.00,99999.00,99999.00,99999.00,99999.00,99999.00,99999.00,99999.00,99999.00,99999.00,99999.00,99999.00,99999.00,99999.00,99999.00,99999.00,99999.00,99999.00,99999.00,99999.00,99999.00,99999.00,99999.00,99999.00,99999.00,99999.00,99999.00,99999.00,99999.00,99999.00,99999.00,99999.00,99999.00,99999.00,99999.00,99999.00,99999.00,99999.00,99999.00,99999.00,99999.00,99999.00,99999.00,99999.00,99999.00,99999.00,99999.00,99999.00,99999.00,99999.00,99999.00,99999.00,99999.00,99999.00,99999.00,99999.00,99999.00,99999.00,99999.00,99999.00,99999.00,99999.00,99999.00,99999.00,99999.00,99999.00,99999.00,99999.00,99999.00,99999.00,99999.00,99999.00,99999.00,99999.00,99999.00,99999.00,99999.00,99999.00,99999.00,99999.00,99999.00,99999.00
99999.00,99999.00,99999.00,99999.00,99999.00,99999.00,99999.00,99999.00,99999.00,99999.00,99999.00,99999.00,99999.00,99999.00,99999.00,99999.00,99999.00,99999.00,99999.00,99999.00,99999.00,99999.00,99999.00,99999.00,99999.00,99999.00,99999.00,99999.00,99999.00,99999.00,99999.00,99999.00,99999.00,99999.00,99999.00,99999.00,99999.00,99999.00,99999.00,99999.00,99999.00,99999.00,99999.00,99999.00,99999.00,99999.00,99999.00,99999.00,99999.00,99999.00,99999.00,99999.00,99999.00,99999.00,99999.00,99999.00,99999.00,99999.00,99999.00,99999.00,99999.00,99999.00,99999.00,99999.00,99999.00,99999.00,99999.00,99999.00,99999.00,99999.00,99999.00,99999.00,99999.00,99999.00,99999.00,99999.00,99999.00,99999.00,99999.00,99999.00,99999.00,99999.00,99999.00,99999.00,99999.00,99999.00,99999.00,99999.00,99999.00,99999.00,99999.00,99999.00,99999.00,99999.00,99999.00,99999.00,99999.00,99999.00,99999.00,99999.00,99999.00,99999.00,99999.00,99999.00,99999.00,99999.00,99999.00,99999.00,99999.00,99999.00,99999.00,99999.00,99999.00,99999.00,99999.00,99999.00,99999.00,99999.00,99999.00,99999.00,99999.00,99999.00,99999.00,99999.00,99999.00,99999.00,99999.00,99999.00,99999.00,99999.00,99999.00,99999.00
99999.00,99999.00,99999.00,99999.00,99999.00,99999.00,99999.00,99999.00,99999.00,99999.00,99999.00,99999.00,99999.00,99999.00,99999.00,99999.00,99999.00,99999.00,99999.00,99999.00,99999.00,99999.00,99999.00,99999.00,99999.00,99999.00,99999.00,99999.00,99999.00,99999.00,99999.00,99999.00,99999.00,99999.00,99999.00,99999.00,99999.00,99999.00,99999.00,99999.00,99999.00,99999.00,99999.00,99999.00,99999.00,99999.00,99999.00,99999.00,99999.00,99999.00,99999.00,99999.00,99999.00,99999.00,99999.00,99999.00,99999.00,99999.00,99999.00,99999.00,99999.00,99999.00,99999.00,99999.00,99999.00,99999.00,99999.00,99999.00,99999.00,99999.00,99999.00,99999.00,99999.00,99999.00,99999.00,99999.00,99999.00,99999.00,99999.00,99999.00,99999.00,99999.00,99999.00,99999.00,99999.00,99999.00,99999.00,99999.00,99999.00,99999.00,99999.00,99999.00,99999.00,99999.00,99999.00,99999.00,99999.00,99999.00,99999.00,99999.00,99999.00,99999.00,99999.00,99999.00,99999.00,99999.00,99999.00,99999.00,99999.00,99999.00,99999.00,99999.00,99999.00,99999.00,99999.00,99999.00,99999.00,99999.00,99999.00,99999.00,99999.00,99999.00,99999.00,99999.00,99999.00,99999.00,99999.00,99999.00,99999.00,99999.00,99999.00,99999.00
99999.00,99999.00,99999.00,99999.00,99999.00,99999.00,99999.00,99999.00,99999.00,99999.00,99999.00,99999.00,99999.00,99999.00,99999.00,99999.00,99999.00,99999.00,99999.00,99999.00,99999.00,99999.00,99999.00,99999.00,99999.00,99999.00,99999.00,99999.00,99999.00,99999.00,99999.00,99999.00,99999.00,99999.00,99999.00,99999.00,99999.00,99999.00,99999.00,99999.00,99999.00,99999.00,99999.00,99999.00,99999.00,99999.00,99999.00,99999.00,99999.00,99999.00,99999.00,99999.00,99999.00,99999.00,99999.00,99999.00,99999.00,99999.00,99999.00,99999.00,99999.00,99999.00,99999.00,99999.00,99999.00,99999.00,99999.00,99999.00,99999.00,99999.00,99999.00,99999.00,99999.00,99999.00,99999.00,99999.00,99999.00,99999.00,99999.00,99999.00,99999.00,99999.00,99999.00,99999.00,99999.00,99999.00,99999.00,99999.00,99999.00,99999.00,99999.00,99999.00,99999.00,99999.00,99999.00,99999.00,99999.00,99999.00,99999.00,99999.00,99999.00,99999.00,99999.00,99999.00,99999.00,99999.00,99999.00,99999.00,99999.00,99999.00,99999.00,99999.00,99999.00,99999.00,99999.00,99999.00,99999.00,99999.00,99999.00,99999.00,99999.00,99999.00,99999.00,99999.00,99999.00,99999.00,99999.00,99999.00,99999.00,99999.00,99999.00,99999.00
99999.00,99999.00,99999.00,99999.00,99999.00,99999.00,99999.00,99999.00,99999.00,99999.00,99999.00,99999.00,99999.00,99999.00,99999.00, 910.23, 902.74, 895.80, 889.22, 882.90, 876.93, 871.30, 866.00, 860.98, 856.97, 853.65, 850.73, 848.26, 846.16, 844.45, 843.25, 842.51, 842.87, 844.62, 847.00, 850.11, 854.27, 859.99, 866.07, 872.53, 879.47, 887.24, 896.61, 907.68, 919.79, 933.20, 948.21, 965.38,99999.00,99999.00,99999.00,99999.00,99999.00,99999.00,99999.00,99999.00,99999.00,99999.00,99999.00,99999.00,99999.00,99999.00,99999.00,99999.00,99999.00,99999.00,99999.00,99999.00,99999.00,99999.00,99999.00,99999.00,99999.00,99999.00,99999.00,99999.00,99999.00,99999.00,99999.00,99999.00,99999.00,99999.00,99999.00,99999.00,99999.00,99999.00,1374.97,1363.73,1354.87,1349.05,1349.82,1353.25,1358.21,99999.00,99999.00,99999.00,99999.00,99999.00,99999.00,99999.00,99999.00,99999.00,99999.00,99999.00,99999.00,99999.00,99999.00,99999.00,99999.00,99999.00,99999.00,99999.00,99999.00,99999.00,99999.00,99999.00,99999.00,99999.00,99999.00,99999.00,99999.00,99999.00,99999.00,99999.00,99999.00,99999.00,99999.00,99999.00,99999.00,99999.00,99999.00,99999.00
99999.00,99999.00,99999.00,99999.00,99999.00,99999.00,99999.00,99999.00,99999.00,99999.00,99999.00,99999.00,99999.00,99999.00,99999.00, 902.96, 888.60, 881.40, 874.66, 868.21, 862.07, 856.28, 850.83, 845.60, 841.52, 838.13, 835.12, 832.58, 830.38, 828.58, 827.27, 826.38, 826.55, 828.05, 830.15, 832.97, 836.82, 842.19, 847.90, 854.00, 860.73, 868.50, 877.97, 888.70, 900.64, 913.87, 928.83, 945.91,99999.00,99999.00,99999.00,99999.00,99999.00,99999.00,99999.00,99999.00,99999.00,99999.00,99999.00,99999.00,99999.00,99999.00,99999.00,99999.00,99999.00,99999.00,99999.00,99999.00,99999.00,99999.00,99999.00,99999.00,99999.00,99999.00,99999.00,99999.00,99999.00,99999.00,99999.00,99999.00,99999.00,99999.00,99999.00,99999.00,99999.00,99999.00,1352.12,1341.04,1332.66,1327.78,1329.30,1333.35,1339.84,99999.00,99999.00,99999.00,99999.00,99999.00,99999.00,99999.00,99999.00,99999.00,99999.00,99999.00,99999.00,99999.00,99999.00,99999.00,99999.00,99999.00,99999.00,99999.00,99999.00,99999.00,99999.00,99999.00,99999.00,99999.00,99999.00,99999.00,99999.00,99999.00,99999.00,99999.00,99999.00,99999.00,99999.00,99999.00,99999.00,99999.00,99999.00,99999.00
99999.00,99999.00,99999.00,99999.00,99999.00,99999.00,99999.00,99999.00,99999.00,99999.00,99999.00,99999.00,99999.00,99999.00,99999.00, 896.49, 881.63, 868.54, 861.59, 855.01, 848.70, 842.75, 837.14, 831.77, 827.19, 823.72, 820.64, 818.02, 815.74, 813.85, 812.44, 811.45, 811.44, 812.68, 814.52, 817.04, 820.57, 825.60, 830.96, 836.82, 843.35, 851.20, 860.53, 871.04, 882.79, 895.95, 910.79, 927.66,99999.00,99999.00,99999.00,99999.00,99999.00,99999.00,99999.00,99999.00,99999.00,99999.00,99999.00,99999.00,99999.00,99999.00,99999.00,99999.00,99999.00,99999.00,99999.00,99999.00,99999.00,99999.00,99999.00,99999.00,99999.00,99999.00,99999.00,99999.00,99999.00,99999.00,99999.00,99999.00,99999.00,99999.00,99999.00,99999.00,99999.00,99999.00,1330.04,1319.57,1311.54,1307.61,1309.89,1314.89,1321.35,99999.00,99999.00,99999.00,99999.00,99999.00,99999.00,99999.00,99999.00,99999.00,99999.00,99999.00,99999.00,99999.00,99999.00,99999.00,99999.00,99999.00,99999.00,99999.00,99999.00,99999.00,99999.00,99999.00,99999.00,99999.00,99999.00,99999.00,99999.00,99999.00,99999.00,99999.00,99999.00,99999.00,99999.00,99999.00,99999.00,99999.00,99999.00,99999.00
99999.00,99999.00,99999.00,99999.00,99999.00,99999.00,99999.00,99999.00,99999.00,99999.00,99999.00,99999.00,99999.00,99999.00,99999.00, 890.73, 875.41, 861.84, 849.68, 842.94, 836.50, 830.37, 824.61, 819.10, 813.71, 810.18, 807.03, 804.33, 801.96, 799.99, 798.48, 797.39, 797.23, 798.26, 799.84, 802.07, 805.28, 809.92, 814.99, 820.60, 827.07, 834.97, 843.93, 854.35, 866.01, 879.04, 893.66, 910.23,99999.00,99999.00,99999.00,99999.00,99999.00,99999.00,99999.00,99999.00,99999.00,99999.00,99999.00,99999.00,99999.00,99999.00,99999.00,99999.00,99999.00,99999.00,99999.00,99999.00,99999.00,99999.00,99999.00,99999.00,99999.00,99999.00,99999.00,99999.00,99999.00,99999.00,99999.00,99999.00,99999.00,99999.00,99999.00,99999.00,99999.00,99999.00,1308.46,1299.08,1291.24,1288.27,1291.32,1296.33,1302.68,99999.00,99999.00,99999.00,99999.00,99999.00,99999.00,99999.00,99999.00,99999.00,99999.00,99999.00,99999.00,99999.00,99999.00,99999.00,99999.00,99999.00,99999.00,99999.00,99999.00,99999.00,99999.00,99999.00,99999.00,99999.00,99999.00,99999.00,99999.00,99999.00,99999.00,99999.00,99999.00,99999.00,99999.00,99999.00,99999.00,99999.00,99999.00,99999.00
99999.00,99999.00,99999.00,99999.00,99999.00,99999.00,99999.00,99999.00,99999.00,99999.00,99999.00,99999.00,99999.00,99999.00,99999.00, 885.08, 869.65, 855.83, 843.21, 831.78, 825.21, 818.91, 812.99, 807.33, 801.80, 797.32, 794.10, 791.32, 788.88, 786.82, 785.22, 784.04, 783.72, 784.55, 785.90, 787.87, 790.72, 794.96, 799.79, 805.18, 811.64, 819.38, 828.12, 838.48, 850.00, 862.81, 877.10, 893.54,99999.00,99999.00,99999.00,99999.00,99999.00,99999.00,99999.00,99999.00,99999.00,99999.00,99999.00,99999.00,99999.00,99999.00,99999.00,99999.00,99999.00,99999.00,99999.00,99999.00,99999.00,99999.00,99999.00,99999.00,99999.00,99999.00,99999.00,99999.00,99999.00,99999.00,99999.00,99999.00,99999.00,99999.00,99999.00,99999.00,99999.00,99999.00,1288.14,1278.71,1271.59,1269.60,1272.65,1277.64,1283.90,99999.00,99999.00,99999.00,99999.00,99999.00,99999.00,99999.00,99999.00,99999.00,99999.00,99999.00,99999.00,99999.00,99999.00,99999.00,99999.00,99999.00,99999.00,99999.00,99999.00,99999.00,99999.00,99999.00,99999.00,99999.00,99999.00,99999.00,99999.00,99999.00,99999.00,99999.00,99999.00,99999.00,99999.00,99999.00,99999.00,99999.00,99999.00,99999.00
99999.00,99999.00,99999.00,99999.00,99999.00,99999.00,99999.00,99999.00,99999.00,99999.00,99999.00,99999.00,99999.00,99999.00,99999.00, 879.60, 864.05, 849.91, 837.19, 825.51, 814.64, 808.22, 802.12, 796.31, 790.65, 785.12, 781.73, 778.88, 776.36, 774.22, 772.54, 771.26, 770.80, 771.42, 772.54, 774.21, 776.73, 780.58, 785.14, 790.43, 796.88, 804.25, 812.98, 823.19, 834.47, 846.94, 861.10, 877.40,99999.00,99999.00,99999.00,99999.00,99999.00,99999.00,99999.00,99999.00,99999.00,99999.00,99999.00,99999.00,99999.00,99999.00,99999.00,99999.00,99999.00,99999.00,99999.00,99999.00,99999.00,99999.00,99999.00,99999.00,99999.00,99999.00,99999.00,99999.00,99999.00,99999.00,99999.00,99999.00,99999.00,99999.00,99999.00,99999.00,99999.00,99999.00,1267.11,1258.36,1252.40,1250.79,1253.88,1258.78,1265.03,99999.00,99999.00,99999.00,99999.00,99999.00,99999.00,99999.00,99999.00,99999.00,99999.00,99999.00,99999.00,99999.00,99999.00,99999.00,99999.00,99999.00,99999.00,99999.00,99999.00,99999.00,99999.00,99999.00,99999.00,99999.00,99999.00,99999.00,99999.00,99999.00,99999.00,99999.00,99999.00,99999.00,99999.00,99999.00,99999.00,99999.00,99999.00,99999.00
99999.00,99999.00,99999.00,99999.00,99999.00,99999.00,99999.00,99999.00,99999.00,99999.00,99999.00,99999.00,99999.00,99999.00,99999.00, 874.27, 858.44, 844.16, 831.31, 819.32, 808.34, 798.15, 791.88, 785.91, 780.10, 774.44, 769.81, 766.89, 764.31, 762.09, 760.32, 758.95, 758.35, 758.75, 759.59, 760.96, 763.16, 766.66, 771.00, 776.21, 782.49, 789.61, 798.28, 808.24, 819.18, 831.50, 845.51, 861.29,99999.00,99999.00,99999.00,99999.00,99999.00,99999.00,99999.00,99999.00,99999.00,99999.00,99999.00,99999.00,99999.00,99999.00,99999.00,99999.00,99999.00,99999.00,99999.00,99999.00,99999.00,99999.00,99999.00,99999.00,99999.00,99999.00,99999.00,99999.00,99999.00,99999.00,99999.00,99999.00,99999.00,99999.00,99999.00,99999.00,99999.00,99999.00,1246.04,1238.96,1233.00,1231.79,1234.97,1239.81,1245.99,99999.00,99999.00,99999.00,99999.00,99999.00,99999.00,99999.00,99999.00,99999.00,99999.00,99999.00,99999.00,99999.00,99999.00,99999.00,99999.00,99999.00,99999.00,99999.00,99999.00,99999.00,99999.00,99999.00,99999.00,99999.00,99999.00,99999.00,99999.00,99999.00,99999.00,99999.00,99999.00,99999.00,99999.00,99999.00,99999.00,99999.00,99999.00,99999.00
99999.00,99999.00,99999.00,99999.00,99999.00,99999.00,99999.00,99999.00,99999.00,99999.00,99999.00,99999.00,99999.00,99999.00,99999.00, 869.03, 852.95, 838.53, 825.40, 813.27, 802.17, 791.66, 782.17, 776.03, 770.08, 764.28, 758.61, 755.29, 752.64, 750.35, 748.50, 747.04, 746.28, 746.42, 746.98, 748.06, 749.94, 753.09, 757.32, 762.44, 768.33, 775.43, 783.96, 793.42, 804.20, 816.35, 829.83, 845.43,99999.00,99999.00,99999.00,99999.00,99999.00,99999.00,99999.00,99999.00,99999.00,99999.00,99999.00,99999.00,99999.00,99999.00,99999.00,99999.00,99999.00,99999.00,99999.00,99999.00,99999.00,99999.00,99999.00,99999.00,99999.00,99999.00,99999.00,99999.00,99999.00,99999.00,99999.00,99999.00,99999.00,99999.00,99999.00,99999.00,99999.00,99999.00,1225.83,1218.64,1213.40,1212.62,1215.90,1220.75,1226.82,99999.00,99999.00,99999.00,99999.00,99999.00,99999.00,99999.00,99999.00,99999.00,99999.00,99999.00,99999.00,99999.00,99999.00,99999.00,99999.00,99999.00,99999.00,99999.00,99999.00,99999.00,99999.00,99999.00,99999.00,99999.00,99999.00,99999.00,99999.00,99999.00,99999.00,99999.00,99999.00,99999.00,99999.00,99999.00,99999.00,99999.00,99999.00,99999.00
99999.00,99999.00,99999.00,99999.00,99999.00,99999.00,99999.00,99999.00,99999.00,99999.00,99999.00,99999.00,99999.00,99999.00,99999.00, 863.82, 847.54, 832.97, 819.60, 807.32, 795.94, 785.29, 775.49, 766.59, 760.48, 754.55, 748.76, 743.99, 741.28, 738.92, 737.01, 735.44, 734.48, 734.37, 734.66, 735.44, 737.00, 739.80, 743.93, 748.86, 754.49, 761.51, 769.63, 778.82, 789.42, 801.03, 814.31, 829.54,99999.00,99999.00,99999.00,99999.00,99999.00,99999.00,99999.00,99999.00,99999.00,99999.00,99999.00,99999.00,99999.00,99999.00,99999.00,99999.00,99999.00,99999.00,99999.00,99999.00,99999.00,99999.00,99999.00,99999.00,99999.00,99999.00,99999.00,99999.00,99999.00,99999.00,99999.00,99999.00,99999.00,99999.00,99999.00,99999.00,99999.00,99999.00,1205.41,1198.08,1193.61,1193.27,1196.67,1201.53,1207.58,99999.00,99999.00,99999.00,99999.00,99999.00,99999.00,99999.00,99999.00,99999.00,99999.00,99999.00,99999.00,99999.00,99999.00,99999.00,99999.00,99999.00,99999.00,99999.00,99999.00,99999.00,99999.00,99999.00,99999.00,99999.00,99999.00,99999.00,99999.00,99999.00,99999.00,99999.00,99999.00,99999.00,99999.00,99999.00,99999.00,99999.00,99999.00,99999.00
99999.00,99999.00,99999.00,99999.00,99999.00,99999.00,99999.00,99999.00,99999.00,99999.00,99999.00,99999.00,99999.00,99999.00,99999.00, 858.74, 842.30, 827.46, 813.85, 801.42, 789.80, 779.01, 768.91, 759.70, 751.26, 745.19, 739.28, 733.49, 730.19, 727.77, 725.78, 724.08, 722.92, 722.55, 722.57, 723.05, 724.29, 726.74, 730.81, 735.38, 740.97, 747.84, 755.43, 764.48, 774.39, 785.80, 798.69, 813.07,99999.00,99999.00,99999.00,99999.00,99999.00,99999.00,99999.00,99999.00,99999.00,99999.00,99999.00,99999.00,99999.00,99999.00,99999.00,99999.00,99999.00,99999.00,99999.00,99999.00,99999.00,99999.00,99999.00,99999.00,99999.00,99999.00,99999.00,99999.00,99999.00,99999.00,99999.00,99999.00,99999.00,99999.00,99999.00,99999.00,99999.00,99999.00,1184.77,1177.31,1173.61,1173.74,1177.29,1182.15,1188.19,99999.00,99999.00,99999.00,99999.00,99999.00,99999.00,99999.00,99999.00,99999.00,99999.00,99999.00,99999.00,99999.00,99999.00,99999.00,99999.00,99999.00,99999.00,99999.00,99999.00,99999.00,99999.00,99999.00,99999.00,99999.00,99999.00,99999.00,99999.00,99999.00,99999.00,99999.00,99999.00,99999.00,99999.00,99999.00,99999.00,99999.00,99999.00,99999.00
99999.00,99999.00,99999.00,99999.00,99999.00,99999.00,99999.00,99999.00,99999.00,99999.00,99999.00,99999.00,99999.00,99999.00,99999.00, 853.86, 837.23, 822.04, 808.23, 795.54, 783.68, 772.74, 762.41, 752.91, 744.17, 736.14, 730.10, 724.20, 719.32, 716.85, 714.73, 712.89, 711.54, 710.92, 710.67, 710.86, 711.77, 713.86, 717.69, 722.07, 727.61, 734.04, 741.35, 749.79, 759.42, 770.43, 782.48, 796.28,99999.00,99999.00,99999.00,99999.00,99999.00,99999.00,99999.00,99999.00,99999.00,99999.00,99999.00,99999.00,99999.00,99999.00,99999.00,99999.00,99999.00,99999.00,99999.00,99999.00,99999.00,99999.00,99999.00,99999.00,99999.00,99999.00,99999.00,99999.00,99999.00,99999.00,99999.00,99999.00,99999.00,99999.00,99999.00,99999.00,99999.00,99999.00,1163.10,1156.33,1153.43,1154.05,1157.75,1162.63,1168.67,99999.00,99999.00,99999.00,99999.00,99999.00,99999.00,99999.00,99999.00,99999.00,99999.00,99999.00,99999.00,99999.00,99999.00,99999.00,99999.00,99999.00,99999.00,99999.00,99999.00,99999.00,99999.00,99999.00,99999.00,99999.00,99999.00,99999.00,99999.00,99999.00,99999.00,99999.00,99999.00,99999.00,99999.00,99999.00,99999.00,99999.00,99999.00,99999.00
99999.00,99999.00,99999.00,99999.00,99999.00,99999.00,99999.00,99999.00,99999.00,99999.00,99999.00,99999.00,99999.00,99999.00,99999.00, 849.06, 832.24, 816.80, 802.77, 789.71, 777.66, 766.45, 755.90, 746.17, 737.15, 728.83, 721.19, 715.18, 709.29, 706.07, 703.84, 701.86, 700.32, 699.46, 698.93, 698.82, 699.41, 701.16, 704.59, 708.92, 714.40, 720.30, 727.44, 735.19, 744.51, 754.65, 766.26, 779.16, 793.31,99999.00,99999.00,99999.00,99999.00,99999.00,99999.00,99999.00,99999.00,99999.00,99999.00,99999.00,99999.00,99999.00,99999.00,99999.00,99999.00,99999.00,99999.00,99999.00,99999.00,99999.00,99999.00,99999.00,99999.00,99999.00,99999.00,99999.00,99999.00,99999.00,99999.00,99999.00,99999.00,99999.00,99999.00,99999.00,99999.00,99999.00,1140.68,1135.14,1133.08,1134.21,1138.08,1142.97,1149.06,99999.00,99999.00,99999.00,99999.00,99999.00,99999.00,99999.00,99999.00,99999.00,99999.00,99999.00,99999.00,99999.00,99999.00,99999.00,99999.00,99999.00,99999.00,99999.00,99999.00,99999.00,99999.00,99999.00,99999.00,99999.00,99999.00,99999.00,99999.00,99999.00,99999.00,99999.00,99999.00,99999.00,99999.00,99999.00,99999.00,99999.00,99999.00,99999.00
99999.00,99999.00,99999.00,99999.00,99999.00,99999.00,99999.00,99999.00,99999.00,99999.00,99999.00,99999.00,99999.00,99999.00,99999.00, 844.47, 827.44, 811.70, 797.34, 784.03, 771.76, 760.20, 749.45, 739.41, 730.18, 721.59, 713.67, 706.38, 700.39, 695.42, 693.07, 690.96, 689.24, 688.13, 687.33, 686.94, 687.21, 688.61, 691.63, 695.91, 700.95, 706.69, 713.24, 720.73, 729.29, 739.01, 749.95, 761.82, 775.07, 789.32,99999.00,99999.00,99999.00,99999.00,99999.00,99999.00,99999.00,99999.00,99999.00,99999.00,99999.00,99999.00,99999.00,99999.00,99999.00,99999.00,99999.00,99999.00,99999.00,99999.00,99999.00,99999.00,99999.00,99999.00,99999.00,99999.00,99999.00,99999.00,99999.00,99999.00,99999.00,99999.00,99999.00,99999.00,99999.00,99999.00,1118.04,1113.78,1112.57,1114.22,1118.29,1123.20,1129.36,99999.00,99999.00,99999.00,99999.00,99999.00,99999.00,99999.00,99999.00,99999.00,99999.00,99999.00,99999.00,99999.00,99999.00,99999.00,99999.00,99999.00,99999.00,99999.00,99999.00,99999.00,99999.00,99999.00,99999.00,99999.00,99999.00,99999.00,99999.00,99999.00,99999.00,99999.00,99999.00,99999.00,99999.00,99999.00,99999.00,99999.00,99999.00,99999.00
99999.00,99999.00,99999.00,99999.00,99999.00,99999.00,99999.00,99999.00,99999.00,99999.00,99999.00,99999.00,99999.00,99999.00,99999.00, 840.31, 823.05, 806.99, 792.05, 778.46, 765.85, 754.05, 743.09, 732.71, 723.17, 714.39, 706.21, 698.66, 691.71, 685.71, 682.40, 680.17, 678.27, 676.92, 675.86, 675.18, 675.14, 676.20, 678.82, 683.05, 687.58, 693.19, 699.18, 706.43, 714.23, 723.55, 733.52, 744.88, 757.11, 770.18, 784.18, 798.59, 813.21, 828.57, 845.05, 862.41, 881.59, 902.74,99999.00,99999.00,99999.00,99999.00,99999.00,99999.00,99999.00,99999.00,99999.00,99999.00,99999.00,99999.00,99999.00,99999.00,99999.00,99999.00,99999.00,99999.00,99999.00,99999.00,99999.00,99999.00,99999.00,99999.00,99999.00,99999.00,99999.00,99999.00,1095.23,1092.26,1091.93,1094.13,1098.38,1103.37,1109.61,99999.00,99999.00,99999.00,99999.00,99999.00,99999.00,99999.00,99999.00,99999.00,99999.00,99999.00,99999.00,99999.00,99999.00,99999.00,99999.00,99999.00,99999.00,99999.00,99999.00,99999.00,99999.00,99999.00,99999.00,99999.00,99999.00,99999.00,99999.00,99999.00,99999.00,99999.00,99999.00,99999.00,99999.00,99999.00,99999.00,99999.00,99999.00,99999.00
99999.00,99999.00,99999.00,99999.00,99999.00,99999.00,99999.00,99999.00,99999.00,99999.00,99999.00,99999.00,99999.00,99999.00,99999.00, 836.27, 818.74, 802.42, 787.18, 773.22, 760.04, 747.95, 736.67, 726.06, 716.19, 707.13, 698.77, 690.99, 683.76, 677.01, 671.82, 669.47, 667.40, 665.82, 664.51, 663.55, 663.21, 663.93, 666.14, 669.95, 674.35, 679.42, 685.27, 691.88, 699.41, 707.92, 717.47, 728.11, 739.56, 752.03, 765.14, 778.73, 793.02, 808.28, 824.19, 841.60, 860.51, 881.72,99999.00,99999.00,99999.00,99999.00,99999.00,99999.00,99999.00,99999.00,99999.00,99999.00,99999.00,99999.00,99999.00,99999.00,99999.00,99999.00,99999.00,99999.00,99999.00,99999.00,99999.00,99999.00,99999.00,99999.00,99999.00,99999.00,99999.00,99999.00,1072.31,1070.64,1071.20,1073.94,1078.38,1083.47,1089.85,99999.00,99999.00,99999.00,99999.00,99999.00,99999.00,99999.00,99999.00,99999.00,99999.00,99999.00,99999.00,99999.00,99999.00,99999.00,99999.00,99999.00,99999.00,99999.00,99999.00,99999.00,99999.00,99999.00,99999.00,99999.00,99999.00,99999.00,99999.00,99999.00,99999.00,99999.00,99999.00,99999.00,99999.00,99999.00,99999.00,99999.00,99999.00,99999.00
99999.00,99999.00,99999.00,99999.00,99999.00,99999.00,99999.00,99999.00,99999.00,99999.00,99999.00,99999.00,99999.00,99999.00,99999.00, 832.65, 814.83, 798.21, 782.60, 768.07, 754.58, 742.13, 730.30, 719.42, 709.26, 699.89, 691.27, 683.32, 675.83, 668.83, 662.27, 658.86, 656.63, 654.82, 653.27, 652.04, 651.41, 651.80, 653.61, 656.95, 661.26, 665.81, 671.49, 677.54, 684.81, 692.57, 701.83, 711.59, 722.69, 734.50, 746.94, 760.23, 774.42, 789.14, 805.14, 822.37, 841.49, 862.27, 885.23,99999.00,99999.00,99999.00,99999.00,99999.00,99999.00,99999.00,99999.00,99999.00,99999.00,99999.00,99999.00,99999.00,99999.00,99999.00,99999.00,99999.00,99999.00,99999.00,99999.00,99999.00,99999.00,99999.00,99999.00,99999.00,99999.00,1052.27,1049.58,1049.11,1050.50,1053.77,1058.37,1063.56,1070.48,99999.00,99999.00,99999.00,99999.00,99999.00,99999.00,99999.00,99999.00,99999.00,99999.00,99999.00,99999.00,99999.00,99999.00,99999.00,99999.00,99999.00,99999.00,99999.00,99999.00,99999.00,99999.00,99999.00,99999.00,99999.00,99999.00,99999.00,99999.00,99999.00,99999.00,99999.00,99999.00,99999.00,99999.00,99999.00,99999.00,99999.00,99999.00,99999.00
99999.00,99999.00,99999.00,99999.00,99999.00,99999.00,99999.00,99999.00,99999.00,99999.00,99999.00,99999.00,99999.00,99999.00,99999.00, 829.41, 811.26, 794.32, 778.33, 763.20, 749.35, 736.34, 724.21, 713.00, 702.31, 692.67, 683.77, 675.57, 667.91, 660.67, 653.87, 648.31, 645.94, 643.92, 642.14, 640.65, 639.73, 639.81, 641.23, 644.10, 647.90, 652.38, 657.50, 663.40, 670.05, 677.57, 686.08, 695.61, 706.19, 717.47, 729.69, 742.91, 756.59, 771.46, 787.37, 804.94, 823.87, 844.62, 867.64, 892.19,99999.00,99999.00,99999.00,99999.00,99999.00,99999.00,99999.00,99999.00,99999.00,99999.00,99999.00,99999.00,99999.00,99999.00,99999.00,99999.00,99999.00,99999.00,99999.00,99999.00,99999.00,99999.00,99999.00,99999.00,1031.67,1028.60,1027.29,1027.85,1029.97,1033.70,1038.42,1043.73,1051.70,99999.00,99999.00,99999.00,99999.00,99999.00,99999.00,99999.00,99999.00,99999.00,99999.00,99999.00,99999.00,99999.00,99999.00,99999.00,99999.00,99999.00,99999.00,99999.00,99999.00,99999.00,99999.00,99999.00,99999.00,99999.00,99999.00,99999.00,99999.00,99999.00,99999.00,99999.00,99999.00,99999.00,99999.00,99999.00,99999.00,99999.00,99999.00,99999.00
99999.00,99999.00,99999.00,99999.00,99999.00,99999.00,99999.00,99999.00,99999.00,99999.00,99999.00,99999.00,99999.00,99999.00,99999.00, 826.69, 808.16, 790.84, 774.48, 758.91, 744.35, 730.75, 718.28, 706.55, 695.60, 685.42, 676.28, 667.78, 659.90, 652.51, 645.50, 638.90, 635.33, 633.12, 631.11, 629.37, 628.17, 627.95, 629.00, 631.41, 634.73, 639.08, 643.70, 649.45, 655.54, 662.91, 670.74, 680.02, 689.98, 701.11, 713.32, 726.05, 739.92, 754.77, 771.14, 788.69, 807.85, 829.07, 851.64, 875.16, 899.52, 924.80, 950.77, 978.62,99999.00,99999.00,99999.00,99999.00,99999.00,99999.00,99999.00,99999.00,99999.00,99999.00,99999.00,99999.00,99999.00,99999.00,99999.00,99999.00,1034.07,1023.91,1016.31,1010.96,1007.56,1005.77,1005.53,1006.94,1009.69,1013.78,1018.60,1024.42,1033.50,99999.00,99999.00,99999.00,99999.00,99999.00,99999.00,99999.00,99999.00,99999.00,99999.00,99999.00,99999.00,99999.00,99999.00,99999.00,99999.00,99999.00,99999.00,99999.00,99999.00,99999.00,99999.00,99999.00,99999.00,99999.00,99999.00,99999.00,99999.00,99999.00,99999.00,99999.00,99999.00,99999.00,99999.00,99999.00,99999.00,99999.00,99999.00,99999.00
99999.00,99999.00,99999.00,99999.00,99999.00,99999.00,99999.00,99999.00,99999.00,99999.00,99999.00,99999.00,99999.00,99999.00,99999.00, 824.48, 805.52, 787.76, 770.97, 754.96, 739.66, 725.63, 712.49, 700.21, 688.98, 678.38, 668.73, 659.99, 651.85, 644.26, 637.14, 630.34, 624.86, 622.41, 620.19, 618.21, 616.75, 616.24, 616.92, 618.89, 621.73, 625.57, 630.11, 635.30, 641.29, 648.06, 655.76, 664.52, 674.27, 685.42, 697.17, 710.11, 724.01, 739.39, 755.85, 773.80, 793.66, 814.74, 836.69, 859.50, 883.40, 908.88, 936.89, 966.15,99999.00,99999.00,99999.00,99999.00,99999.00,99999.00,99999.00,99999.00,99999.00,99999.00,99999.00,99999.00,99999.00,99999.00,99999.00,99999.00,1007.47, 997.83, 991.22, 986.88, 984.52, 983.71, 984.33, 986.44, 989.71, 994.06, 998.95,1005.75,1015.86,99999.00,99999.00,99999.00,99999.00,99999.00,99999.00,99999.00,99999.00,99999.00,99999.00,99999.00,99999.00,99999.00,99999.00,99999.00,99999.00,99999.00,99999.00,99999.00,99999.00,99999.00,99999.00,99999.00,99999.00,99999.00,99999.00,99999.00,99999.00,99999.00,99999.00,99999.00,99999.00,99999.00,99999.00,99999.00,99999.00,99999.00,99999.00,99999.00
99999.00,99999.00,99999.00,99999.00,99999.00,99999.00,99999.00,99999.00,99999.00,99999.00,99999.00,99999.00,99999.00,99999.00,99999.00, 822.69, 803.22, 784.96, 767.66, 751.15, 735.35, 720.77, 706.91, 694.26, 682.42, 671.40, 661.35, 652.15, 643.79, 635.98, 628.68, 621.80, 615.19, 611.80, 609.37, 607.17, 605.46, 604.66, 604.99, 606.54, 608.91, 612.25, 616.68, 621.37, 627.27, 633.50, 641.04, 649.26, 659.15, 669.77, 681.73, 694.71, 709.18, 724.73, 741.69, 760.47, 780.38, 801.13, 822.95, 846.46, 872.54, 899.34, 927.02, 956.04,99999.00,99999.00,99999.00,99999.00,99999.00,99999.00,99999.00,99999.00,99999.00,99999.00,99999.00,99999.00,99999.00,99999.00,99999.00,99999.00, 982.02, 972.88, 967.26, 963.83, 962.34, 962.33, 963.66, 966.35, 970.04, 974.56, 979.88, 987.75, 998.73,99999.00,99999.00,99999.00,99999.00,99999.00,99999.00,99999.00,99999.00,99999.00,99999.00,99999.00,99999.00,99999.00,99999.00,99999.00,99999.00,99999.00,99999.00,99999.00,99999.00,99999.00,99999.00,99999.00,99999.00,99999.00,99999.00,99999.00,99999.00,99999.00,99999.00,99999.00,99999.00,99999.00,99999.00,99999.00,99999.00,99999.00,99999.00,99999.00
99999.00,99999.00,99999.00,99999.00,99999.00,99999.00,99999.00,99999.00,99999.00,99999.00,99999.00,99999.00,99999.00,99999.00,99999.00, 822.07, 801.99, 783.12, 765.21, 748.10, 731.72, 716.07, 701.56, 688.44, 675.98, 664.67, 654.02, 644.46, 635.68, 627.69, 620.20, 613.17, 606.51, 601.14, 598.66, 596.26, 594.30, 593.24, 593.23, 594.36, 596.27, 599.13, 603.03, 607.66, 613.00, 619.20, 626.25, 634.28, 643.75, 654.64, 666.61, 680.16, 694.83, 710.94, 728.83, 747.94, 768.04, 789.74, 813.97, 838.92, 864.64, 891.15, 918.56, 947.11,99999.00,99999.00,99999.00,99999.00,99999.00,99999.00,99999.00,99999.00,99999.00,99999.00,99999.00,99999.00,99999.00,99999.00,99999.00,99999.00, 956.59, 948.77, 944.14, 941.57, 940.86, 941.55, 943.48, 946.65, 950.66, 955.29, 961.51, 970.34, 981.91,99999.00,99999.00,99999.00,99999.00,99999.00,99999.00,99999.00,99999.00,99999.00,99999.00,99999.00,99999.00,99999.00,99999.00,99999.00,99999.00,99999.00,99999.00,99999.00,99999.00,99999.00,99999.00,99999.00,99999.00,99999.00,99999.00,99999.00,99999.00,99999.00,99999.00,99999.00,99999.00,99999.00,99999.00,99999.00,99999.00,99999.00,99999.00,99999.00
99999.00,99999.00,99999.00,99999.00,99999.00,99999.00,99999.00,99999.00,99999.00,99999.00,99999.00,99999.00,99999.00,99999.00,99999.00, 822.45, 801.64, 782.03, 763.37, 745.52, 728.45, 712.16, 696.81, 682.65, 669.68, 658.02, 646.93, 636.81, 627.73, 619.36, 611.74, 604.54, 597.76, 591.28, 587.93, 585.47, 583.29, 581.97, 581.62, 582.35, 583.82, 586.19, 589.58, 594.14, 598.95, 605.00, 611.56, 619.73, 628.81, 639.66, 652.13, 665.82, 681.06, 698.17, 716.89, 737.13, 760.10, 783.68, 807.89, 832.77, 858.38, 884.77, 912.06, 940.51,99999.00,99999.00,99999.00,99999.00,99999.00,99999.00,99999.00,99999.00,99999.00,99999.00,99999.00,99999.00,99999.00,99999.00,99999.00,99999.00, 931.78, 925.31, 921.69, 919.96, 919.97, 921.29, 923.74, 927.33, 931.56, 936.64, 943.85, 953.48, 965.35,99999.00,99999.00,99999.00,99999.00,99999.00,99999.00,99999.00,99999.00,99999.00,99999.00,99999.00,99999.00,99999.00,99999.00,99999.00,99999.00,99999.00,99999.00,99999.00,99999.00,99999.00,99999.00,99999.00,99999.00,99999.00,99999.00,99999.00,99999.00,99999.00,99999.00,99999.00,99999.00,99999.00,99999.00,99999.00,99999.00,99999.00,99999.00,99999.00
99999.00,99999.00,99999.00,99999.00,99999.00,99999.00,99999.00,99999.00,99999.00,99999.00,99999.00,99999.00,99999.00,99999.00,99999.00, 824.09, 802.34, 781.79, 762.21, 743.43, 725.49, 708.43, 692.28, 677.49, 663.85, 651.33, 639.90, 629.41, 619.83, 611.21, 603.24, 595.94, 589.02, 582.45, 577.19, 574.69, 572.42, 570.85, 570.19, 570.52, 571.56, 573.46, 576.33, 580.33, 585.11, 590.67, 597.04, 604.71, 613.89, 625.12, 637.62, 651.77, 667.96, 687.02, 709.45, 732.37, 755.82, 779.82, 804.42, 829.66, 855.59, 882.30, 909.90, 938.68,99999.00,99999.00,99999.00,99999.00,99999.00,99999.00,99999.00,99999.00,99999.00,99999.00,99999.00,99999.00,99999.00,99999.00,99999.00,99999.00, 907.49, 902.37, 899.77, 898.87, 899.58, 901.48, 904.41, 908.34, 912.74, 918.71, 926.80, 937.12, 949.17,99999.00,99999.00,99999.00,99999.00,99999.00,99999.00,99999.00,99999.00,99999.00,99999.00,99999.00,99999.00,99999.00,99999.00,99999.00,99999.00,99999.00,99999.00,99999.00,99999.00,99999.00,99999.00,99999.00,99999.00,99999.00,99999.00,99999.00,99999.00,99999.00,99999.00,99999.00,99999.00,99999.00,99999.00,99999.00,99999.00,99999.00,99999.00,99999.00
99999.00,99999.00,99999.00,99999.00,99999.00,99999.00,99999.00,99999.00,99999.00,99999.00,99999.00,99999.00,99999.00,99999.00,99999.00, 827.65, 804.67, 782.89, 762.07, 742.07, 723.03, 705.05, 688.15, 672.45, 658.13, 645.20, 633.25, 622.08, 612.19, 603.11, 594.93, 587.32, 580.32, 573.64, 567.28, 563.92, 561.58, 559.91, 558.94, 558.88, 559.49, 560.92, 563.28, 566.73, 571.34, 576.36, 582.84, 590.03, 599.28, 610.35, 623.09, 637.99,99999.00,99999.00,99999.00,99999.00,99999.00,99999.00,99999.00,99999.00,99999.00,99999.00,99999.00,99999.00,99999.00,99999.00,99999.00,99999.00,99999.00,99999.00,99999.00,99999.00,99999.00,99999.00,99999.00,99999.00,99999.00,99999.00,99999.00,99999.00, 883.61, 879.87, 878.31, 878.23, 879.62, 882.07, 885.44, 889.65, 894.61, 901.48, 910.31, 921.15, 933.16,99999.00,99999.00,99999.00,99999.00,99999.00,99999.00,99999.00,99999.00,99999.00,99999.00,99999.00,99999.00,99999.00,99999.00,99999.00,99999.00,99999.00,99999.00,99999.00,99999.00,99999.00,99999.00,99999.00,99999.00,99999.00,99999.00,99999.00,99999.00,99999.00,99999.00,99999.00,99999.00,99999.00,99999.00,99999.00,99999.00,99999.00,99999.00,99999.00
99999.00,99999.00,99999.00,99999.00,99999.00,99999.00,99999.00,99999.00,99999.00,99999.00,99999.00,99999.00,99999.00,99999.00,99999.00,99999.00,99999.00,99999.00,99999.00,99999.00, 720.72, 701.61, 683.87, 667.50, 652.70, 639.14, 626.71, 615.34, 604.65, 595.31, 586.71, 578.92, 571.64, 564.90, 558.42, 553.19, 550.80, 549.03, 547.80, 547.38, 547.61, 548.60, 550.45, 553.34, 557.42, 562.19, 568.11, 575.22, 584.51, 595.39, 608.48,99999.00,99999.00,99999.00,99999.00,99999.00,99999.00,99999.00,99999.00,99999.00,99999.00,99999.00,99999.00,99999.00,99999.00,99999.00,99999.00,99999.00,99999.00,99999.00,99999.00,99999.00,99999.00,99999.00,99999.00,99999.00,99999.00,99999.00,99999.00,99999.00, 860.14, 857.79, 857.26, 858.00, 860.05, 863.04, 866.80, 871.23, 877.18, 884.87, 894.33, 905.36, 917.43,99999.00,99999.00,99999.00,99999.00,99999.00,99999.00,99999.00,99999.00,99999.00,99999.00,99999.00,99999.00,99999.00,99999.00,99999.00,99999.00,99999.00,99999.00,99999.00,99999.00,99999.00,99999.00,99999.00,99999.00,99999.00,99999.00,99999.00,99999.00,99999.00,99999.00,99999.00,99999.00,99999.00,99999.00,99999.00,99999.00,99999.00,99999.00,99999.00
99999.00,99999.00,99999.00,99999.00,99999.00,99999.00,99999.00,99999.00,99999.00,99999.00,99999.00,99999.00,99999.00,99999.00,99999.00,99999.00,99999.00,99999.00,99999.00,99999.00,99999.00, 698.18, 679.55, 662.48, 647.04, 633.18, 620.50, 608.69, 597.73, 587.65, 578.82, 570.64, 563.20, 556.20, 549.68, 543.33, 540.08, 538.12, 536.63, 535.87, 535.71, 536.28, 537.67, 540.04, 543.53, 548.34, 553.66, 560.69, 569.26, 580.22,99999.00,99999.00,99999.00,99999.00,99999.00,99999.00,99999.00,99999.00,99999.00,99999.00,99999.00,99999.00,99999.00,99999.00,99999.00,99999.00,99999.00,99999.00,99999.00,99999.00,99999.00,99999.00,99999.00,99999.00,99999.00,99999.00,99999.00,99999.00,99999.00, 840.12, 837.30, 836.24, 836.70, 838.22, 840.90, 844.38, 848.47, 853.65, 860.44, 868.82, 878.79, 889.85, 902.01,99999.00,99999.00,99999.00,99999.00,99999.00,99999.00,99999.00,99999.00,99999.00,99999.00,99999.00,99999.00,99999.00,99999.00,99999.00,99999.00,99999.00,99999.00,99999.00,99999.00,99999.00,99999.00,99999.00,99999.00,99999.00,99999.00,99999.00,99999.00,99999.00,99999.00,99999.00,99999.00,99999.00,99999.00,99999.00,99999.00,99999.00,99999.00,99999.00
99999.00,99999.00,99999.00,99999.00,99999.00,99999.00,99999.00,99999.00,99999.00,99999.00,99999.00,99999.00,99999.00,99999.00,99999.00,99999.00,99999.00,99999.00,99999.00,99999.00,99999.00,99999.00, 674.96, 657.39, 641.55, 627.23, 614.17, 602.22, 591.16, 580.64, 571.10, 562.72, 554.91, 547.77, 541.00, 534.65, 529.33, 527.18, 525.45, 524.35, 523.82, 523.99, 524.91, 526.77, 529.69, 533.97, 539.15, 546.02, 554.03, 565.00,99999.00,99999.00,99999.00,99999.00,99999.00,99999.00,99999.00,99999.00,99999.00,99999.00,99999.00,99999.00,99999.00,99999.00,99999.00,99999.00,99999.00,99999.00,99999.00,99999.00,99999.00,99999.00,99999.00,99999.00,99999.00,99999.00,99999.00,99999.00, 819.38, 816.70, 815.28, 815.34, 816.69, 818.94, 822.20, 826.10, 830.68, 836.79, 844.34, 853.29, 863.56, 874.68, 886.88,99999.00,99999.00,99999.00,99999.00,99999.00,99999.00,99999.00,99999.00,99999.00,99999.00,99999.00,99999.00,99999.00,99999.00,99999.00,99999.00,99999.00,99999.00,99999.00,99999.00,99999.00,99999.00,99999.00,99999.00,99999.00,99999.00,99999.00,99999.00,99999.00,99999.00,99999.00,99999.00,99999.00,99999.00,99999.00,99999.00,99999.00,99999.00,99999.00
99999.00,99999.00,99999.00,99999.00,99999.00,99999.00,99999.00,99999.00,99999.00,99999.00,99999.00,99999.00,99999.00,99999.00,99999.00,99999.00,99999.00,99999.00,99999.00,99999.00,99999.00,99999.00, 669.99, 652.12, 635.84, 621.41, 608.16, 595.90, 584.55, 574.04, 564.08, 555.01, 547.02, 539.52, 532.63, 526.04, 519.63, 516.22, 514.26, 512.84, 511.96, 511.73, 512.21, 513.57, 515.93, 519.56, 524.63, 530.74, 538.63, 549.35,99999.00,99999.00,99999.00,99999.00,99999.00,99999.00,99999.00,99999.00,99999.00,99999.00,99999.00,99999.00,99999.00,99999.00,99999.00,99999.00,99999.00,99999.00,99999.00,99999.00,99999.00,99999.00,99999.00,99999.00, 822.45, 812.58, 804.01, 798.87, 795.90, 794.49, 794.19, 795.19, 797.31, 800.19, 803.96, 808.21, 813.76, 820.65, 828.83, 838.24, 848.68, 859.81, 872.08,99999.00,99999.00,99999.00,99999.00,99999.00,99999.00,99999.00,99999.00,99999.00,99999.00,99999.00,99999.00,99999.00,99999.00,99999.00,99999.00,99999.00,99999.00,99999.00,99999.00,99999.00,99999.00,99999.00,99999.00,99999.00,99999.00,99999.00,99999.00,99999.00,99999.00,99999.00,99999.00,99999.00,99999.00,99999.00,99999.00,99999.00,99999.00,99999.00
99999.00,99999.00,99999.00,99999.00,99999.00,99999.00,99999.00,99999.00,99999.00,99999.00,99999.00,99999.00,99999.00,99999.00,99999.00,99999.00,99999.00,99999.00,99999.00,99999.00,99999.00,99999.00, 664.96, 647.05, 630.75, 615.91, 602.18, 589.88, 578.40, 567.61, 557.50, 548.00, 539.32, 531.64, 524.40, 517.49, 510.85, 505.20, 503.03, 501.32, 500.10, 499.49, 499.54, 500.42, 502.24, 505.25, 510.13, 515.61, 523.37, 533.21,99999.00,99999.00,99999.00,99999.00,99999.00,99999.00,99999.00,99999.00,99999.00,99999.00,99999.00,99999.00,99999.00,99999.00,99999.00,99999.00,99999.00,99999.00,99999.00,99999.00,99999.00,99999.00,99999.00,99999.00, 796.93, 787.74, 780.04, 775.83, 773.84, 773.40, 773.98, 775.76, 778.54, 781.97, 786.13, 791.19, 797.60, 805.18, 813.87, 823.63, 834.06, 845.23, 857.55,99999.00,99999.00,99999.00,99999.00,99999.00,99999.00,99999.00,99999.00,99999.00,99999.00,99999.00,99999.00,99999.00,99999.00,99999.00,99999.00,99999.00,99999.00,99999.00,99999.00,99999.00,99999.00,99999.00,99999.00,99999.00,99999.00,99999.00,99999.00,99999.00,99999.00,99999.00,99999.00,99999.00,99999.00,99999.00,99999.00,99999.00,99999.00,99999.00
99999.00,99999.00,99999.00,99999.00,99999.00,99999.00,99999.00,99999.00,99999.00,99999.00,99999.00,99999.00,99999.00,99999.00,99999.00,99999.00,99999.00,99999.00,99999.00,99999.00,99999.00,99999.00, 660.14, 642.22, 625.87, 610.73, 597.06, 584.31, 572.30, 561.43, 551.17, 541.38, 532.28, 523.91, 516.27, 509.02, 502.06, 495.35, 491.73, 489.73, 488.19, 487.22, 486.87, 487.29, 488.58, 490.98, 495.15, 500.56, 508.05, 517.17,99999.00,99999.00,99999.00,99999.00,99999.00,99999.00,99999.00,99999.00,99999.00,99999.00,99999.00,99999.00,99999.00,99999.00,99999.00,99999.00,99999.00,99999.00,99999.00,99999.00,99999.00,99999.00,99999.00,99999.00, 773.05, 764.36, 757.52, 754.11, 752.93, 753.26, 754.57, 756.99, 760.32, 764.18, 769.00, 774.98, 782.09, 790.23, 799.31, 809.23, 819.66, 830.86, 843.26,99999.00,99999.00,99999.00,99999.00,99999.00,99999.00,99999.00,99999.00,99999.00,99999.00,99999.00,99999.00,99999.00,99999.00,99999.00,99999.00,99999.00,99999.00,99999.00,99999.00,99999.00,99999.00,99999.00,99999.00,99999.00,99999.00,99999.00,99999.00,99999.00,99999.00,99999.00,99999.00,99999.00,99999.00,99999.00,99999.00,99999.00,99999.00,99999.00
99999.00,99999.00,99999.00,99999.00,99999.00,99999.00,99999.00,99999.00,99999.00,99999.00,99999.00,99999.00,99999.00,99999.00,99999.00,99999.00,99999.00,99999.00,99999.00,99999.00,99999.00,99999.00, 656.18, 638.17, 621.74, 606.51, 592.21, 578.94, 566.99, 555.67, 544.87, 535.04, 525.61, 516.59, 508.27, 500.62, 493.34, 486.31, 480.33, 478.07, 476.22, 474.90, 474.17, 474.15, 474.93, 476.75, 480.23, 485.56, 492.22, 501.22,99999.00,99999.00,99999.00,99999.00,99999.00,99999.00,99999.00,99999.00,99999.00,99999.00,99999.00,99999.00,99999.00,99999.00,99999.00,99999.00,99999.00,99999.00,99999.00,99999.00,99999.00,99999.00,99999.00,99999.00, 750.43, 742.14, 736.13, 733.46, 732.98, 733.97, 735.88, 738.83, 742.60, 747.09, 752.68, 759.43, 767.15, 775.73, 785.10, 795.04, 805.47, 816.71, 829.80,99999.00,99999.00,99999.00,99999.00,99999.00,99999.00,99999.00,99999.00,99999.00,99999.00,99999.00,99999.00,99999.00,99999.00,99999.00,99999.00,99999.00,99999.00,99999.00,99999.00,99999.00,99999.00,99999.00,99999.00,99999.00,99999.00,99999.00,99999.00,99999.00,99999.00,99999.00,99999.00,99999.00,99999.00,99999.00,99999.00,99999.00,99999.00,99999.00
99999.00,99999.00,99999.00,99999.00,99999.00,99999.00,99999.00,99999.00,99999.00,99999.00,99999.00,99999.00,99999.00,99999.00,99999.00,99999.00,99999.00,99999.00,99999.00,99999.00,99999.00,99999.00, 652.06, 633.97, 617.46, 602.14, 587.75, 574.54, 561.94, 550.10, 539.35, 529.06, 519.15, 509.62, 500.65, 492.32, 484.65, 477.31, 470.20, 466.31, 464.17, 462.53, 461.42, 460.98, 461.28, 462.54, 465.35, 470.46, 476.46, 485.33,99999.00,99999.00,99999.00,99999.00,99999.00,99999.00,99999.00,99999.00,99999.00,99999.00,99999.00,99999.00,99999.00,99999.00,99999.00,99999.00,99999.00,99999.00,99999.00,99999.00,99999.00,99999.00,99999.00,99999.00, 728.81, 720.83, 715.65, 713.69, 713.83, 715.39, 717.82, 721.21, 725.32, 730.73, 737.15, 744.51, 752.70, 761.62, 771.15, 781.05, 791.50, 803.40, 817.90,99999.00,99999.00,99999.00,99999.00,99999.00,99999.00,99999.00,99999.00,99999.00,99999.00,99999.00,99999.00,99999.00,99999.00,99999.00,99999.00,99999.00,99999.00,99999.00,99999.00,99999.00,99999.00,99999.00,99999.00,99999.00,99999.00,99999.00,99999.00,99999.00,99999.00,99999.00,99999.00,99999.00,99999.00,99999.00,99999.00,99999.00,99999.00,99999.00
99999.00,99999.00,99999.00,99999.00,99999.00,99999.00,99999.00,99999.00,99999.00,99999.00,99999.00,99999.00,99999.00,99999.00,99999.00,99999.00,99999.00,99999.00,99999.00,99999.00,99999.00,99999.00, 648.64, 630.46, 613.86, 598.45, 583.96, 570.23, 557.27, 545.48, 534.09, 523.27, 512.97, 503.03, 493.35, 484.38, 476.04, 468.32, 460.90, 454.53, 452.03, 450.07, 448.62, 447.77, 447.61, 448.32, 450.49, 454.82, 460.74, 469.50,99999.00,99999.00,99999.00,99999.00,99999.00,99999.00,99999.00,99999.00,99999.00,99999.00,99999.00,99999.00,99999.00,99999.00,99999.00,99999.00,99999.00,99999.00,99999.00,99999.00,99999.00,99999.00,99999.00,99999.00, 708.01, 700.29, 695.93, 694.64, 695.37, 697.44, 700.30, 704.03, 709.07, 715.16, 722.24, 730.13, 738.69, 747.83, 757.38, 767.27, 778.35, 791.64, 807.15,99999.00,99999.00,99999.00,99999.00,99999.00,99999.00,99999.00,99999.00,99999.00,99999.00,99999.00,99999.00,99999.00,99999.00,99999.00,99999.00,99999.00,99999.00,99999.00,99999.00,99999.00,99999.00,99999.00,99999.00,99999.00,99999.00,99999.00,99999.00,99999.00,99999.00,99999.00,99999.00,99999.00,99999.00,99999.00,99999.00,99999.00,99999.00,99999.00
99999.00,99999.00,99999.00,99999.00,99999.00,99999.00,99999.00,99999.00,99999.00,99999.00,99999.00,99999.00,99999.00,99999.00,99999.00,99999.00,99999.00,99999.00,99999.00,99999.00,99999.00,99999.00, 645.43, 627.17, 610.47, 594.96, 580.37, 566.54, 553.42, 540.94, 529.18, 517.94, 506.98, 496.51, 486.48, 476.72, 467.74, 459.36, 451.58, 444.07, 439.77, 437.52, 435.74, 434.51, 433.90, 434.09, 435.64, 439.21, 445.05, 453.03,99999.00,99999.00,99999.00,99999.00,99999.00,99999.00,99999.00,99999.00,99999.00,99999.00,99999.00,99999.00,99999.00,99999.00,99999.00,99999.00,99999.00,99999.00,99999.00,99999.00,99999.00,99999.00,99999.00,99999.00, 687.90, 680.39, 676.84, 676.20, 677.49, 680.00, 683.21, 687.56, 693.50, 700.31, 707.92, 716.21, 725.04, 734.30, 743.80, 754.30, 766.74, 781.02, 797.19,99999.00,99999.00,99999.00,99999.00,99999.00,99999.00,99999.00,99999.00,99999.00,99999.00,99999.00,99999.00,99999.00,99999.00,99999.00,99999.00,99999.00,99999.00,99999.00,99999.00,99999.00,99999.00,99999.00,99999.00,99999.00,99999.00,99999.00,99999.00,99999.00,99999.00,99999.00,99999.00,99999.00,99999.00,99999.00,99999.00,99999.00,99999.00,99999.00
99999.00,99999.00,99999.00,99999.00,99999.00,99999.00,99999.00,99999.00,99999.00,99999.00,99999.00,99999.00,99999.00,99999.00,99999.00,99999.00,99999.00,99999.00,99999.00,99999.00,99999.00,99999.00, 642.92, 624.56, 607.76, 592.15, 577.46, 563.52, 549.95, 537.02, 524.57, 512.64, 501.31, 490.41, 479.72, 469.45, 459.70, 450.69, 442.26, 434.40, 427.68, 424.86, 422.76, 421.17, 420.14, 419.83, 420.77, 423.60, 429.38, 436.37,99999.00,99999.00,99999.00,99999.00,99999.00,99999.00,99999.00,99999.00,99999.00,99999.00,99999.00,99999.00,99999.00,99999.00,99999.00,99999.00,99999.00,99999.00,99999.00,99999.00,99999.00,99999.00,99999.00,99999.00, 668.30, 661.04, 658.30, 658.29, 660.05, 662.96, 666.51, 672.10, 678.63, 686.03, 694.10, 702.69, 711.68, 720.94, 731.01, 742.85, 756.25, 771.18, 787.51,99999.00,99999.00,99999.00,99999.00,99999.00,99999.00,99999.00,99999.00,99999.00,99999.00,99999.00,99999.00,99999.00,99999.00,99999.00,99999.00,99999.00,99999.00,99999.00,99999.00,99999.00,99999.00,99999.00,99999.00,99999.00,99999.00,99999.00,99999.00,99999.00,99999.00,99999.00,99999.00,99999.00,99999.00,99999.00,99999.00,99999.00,99999.00,99999.00
99999.00,99999.00,99999.00,99999.00,99999.00,99999.00,99999.00,99999.00,99999.00,99999.00,99999.00,99999.00,99999.00,99999.00,99999.00,99999.00,99999.00,99999.00,99999.00,99999.00,99999.00,99999.00, 641.25, 622.79, 605.90, 590.18, 575.37, 561.04, 547.07, 533.41, 520.28, 507.88, 495.87, 484.27, 473.20, 462.50, 451.95, 442.22, 433.18, 424.69, 416.74, 412.05, 409.66, 407.73, 406.30, 405.51, 405.87, 407.98, 413.03, 419.73,99999.00,99999.00,99999.00,99999.00,99999.00,99999.00,99999.00,99999.00,99999.00,99999.00,99999.00,99999.00,99999.00,99999.00,99999.00,99999.00,99999.00,99999.00,99999.00,99999.00,99999.00,99999.00,99999.00,99999.00, 648.50, 642.16, 640.18, 640.76, 642.99, 646.28, 650.81, 657.24, 664.42, 672.28, 680.69, 689.48, 698.54, 708.34, 719.73, 732.50, 746.53, 761.71, 778.10,99999.00,99999.00,99999.00,99999.00,99999.00,99999.00,99999.00,99999.00,99999.00,99999.00,99999.00,99999.00,99999.00,99999.00,99999.00,99999.00,99999.00,99999.00,99999.00,99999.00,99999.00,99999.00,99999.00,99999.00,99999.00,99999.00,99999.00,99999.00,99999.00,99999.00,99999.00,99999.00,99999.00,99999.00,99999.00,99999.00,99999.00,99999.00,99999.00
99999.00,99999.00,99999.00,99999.00,99999.00,99999.00,99999.00,99999.00,99999.00,99999.00,99999.00,99999.00,99999.00,99999.00,99999.00,99999.00,99999.00,99999.00,99999.00,99999.00,99999.00,99999.00, 640.11, 621.55, 604.54, 588.71, 573.49, 558.72, 544.33, 530.22, 516.51, 503.38, 490.66, 478.60, 466.85, 455.45, 444.52, 433.93, 424.24, 415.17, 406.61, 399.53, 396.41, 394.17, 392.36, 391.11, 390.91, 392.34, 396.46, 403.09,99999.00,99999.00,99999.00,99999.00,99999.00,99999.00,99999.00,99999.00,99999.00,99999.00,99999.00,99999.00,99999.00,99999.00,99999.00,99999.00,99999.00,99999.00,99999.00,99999.00,99999.00,99999.00,99999.00,99999.00, 628.90, 623.62, 622.40, 623.55, 626.24, 629.89, 636.04, 642.99, 650.70, 658.96, 667.61, 676.52, 686.14, 697.22, 709.53, 722.90, 737.25, 752.46, 768.87,99999.00,99999.00,99999.00,99999.00,99999.00,99999.00,99999.00,99999.00,99999.00,99999.00,99999.00,99999.00,99999.00,99999.00,99999.00,99999.00,99999.00,99999.00,99999.00,99999.00,99999.00,99999.00,99999.00,99999.00,99999.00,99999.00,99999.00,99999.00,99999.00,99999.00,99999.00,99999.00,99999.00,99999.00,99999.00,99999.00,99999.00,99999.00,99999.00
99999.00,99999.00,99999.00,99999.00,99999.00,99999.00,99999.00,99999.00,99999.00,99999.00,99999.00,99999.00,99999.00,99999.00,99999.00,99999.00,99999.00,99999.00,99999.00,99999.00,99999.00,99999.00, 640.14, 621.47, 604.35, 588.07, 572.38, 557.15, 542.28, 527.70, 513.34, 499.21, 485.91, 473.11, 460.65, 448.78, 437.17, 425.88, 415.34, 405.67, 396.61, 388.00, 382.96, 380.46, 378.30, 376.62, 375.89, 376.64, 379.86, 386.43,99999.00,99999.00,99999.00,99999.00,99999.00,99999.00,99999.00,99999.00,99999.00,99999.00,99999.00,99999.00,99999.00,99999.00,99999.00,99999.00,99999.00,99999.00,99999.00,99999.00,99999.00,99999.00,99999.00,99999.00, 609.59, 605.36, 604.89, 606.62, 609.75, 614.82, 621.75, 629.31, 637.43, 645.98, 654.80, 664.30, 675.19, 687.16, 700.05, 713.77, 728.11, 743.33, 759.80,99999.00,99999.00,99999.00,99999.00,99999.00,99999.00,99999.00,99999.00,99999.00,99999.00,99999.00,99999.00,99999.00,99999.00,99999.00,99999.00,99999.00,99999.00,99999.00,99999.00,99999.00,99999.00,99999.00,99999.00,99999.00,99999.00,99999.00,99999.00,99999.00,99999.00,99999.00,99999.00,99999.00,99999.00,99999.00,99999.00,99999.00,99999.00,99999.00
99999.00,99999.00,99999.00,99999.00,99999.00,99999.00,99999.00,99999.00,99999.00,99999.00,99999.00,99999.00,99999.00,99999.00,99999.00,99999.00,99999.00,99999.00,99999.00,99999.00,99999.00,99999.00, 640.90, 622.12, 604.51, 587.72, 571.52, 555.77, 540.38, 525.27, 510.39, 495.68, 481.66, 467.84, 454.80, 442.19, 429.87, 418.13, 406.63, 396.13, 386.50, 377.43, 369.87, 366.53, 364.09, 362.01, 360.77, 360.88, 363.22, 368.82,99999.00,99999.00,99999.00,99999.00,99999.00,99999.00,99999.00,99999.00,99999.00,99999.00,99999.00,99999.00,99999.00,99999.00,99999.00,99999.00,99999.00,99999.00,99999.00,99999.00,99999.00,99999.00,99999.00,99999.00, 590.51, 587.33, 587.61, 589.90, 593.81, 600.57, 607.99, 616.04, 624.52, 633.28, 642.75, 653.51, 665.25, 677.79, 691.02, 704.73, 719.10, 734.38, 750.93,99999.00,99999.00,99999.00,99999.00,99999.00,99999.00,99999.00,99999.00,99999.00,99999.00,99999.00,99999.00,99999.00,99999.00,99999.00,99999.00,99999.00,99999.00,99999.00,99999.00,99999.00,99999.00,99999.00,99999.00,99999.00,99999.00,99999.00,99999.00,99999.00,99999.00,99999.00,99999.00,99999.00,99999.00,99999.00,99999.00,99999.00,99999.00,99999.00
99999.00,99999.00,99999.00,99999.00,99999.00,99999.00,99999.00,99999.00,99999.00,99999.00,99999.00,99999.00,99999.00,99999.00,99999.00,99999.00,99999.00,99999.00,99999.00,99999.00,99999.00,99999.00, 643.23, 623.91, 605.74, 588.39, 571.63, 555.31, 539.34, 523.65, 508.17, 492.87, 477.70, 463.11, 449.34, 435.71, 422.81, 410.33, 398.15, 386.73, 376.29, 366.68, 357.60, 352.28, 349.61, 347.21, 345.53, 345.02, 346.51, 350.93,99999.00,99999.00,99999.00,99999.00,99999.00,99999.00,99999.00,99999.00,99999.00,99999.00,99999.00,99999.00,99999.00,99999.00,99999.00,99999.00,99999.00,99999.00,99999.00,99999.00,99999.00,99999.00,99999.00,99999.00, 571.62, 569.48, 570.51, 573.36, 579.20, 586.72, 594.72, 603.15, 611.89, 621.39, 632.09, 643.69, 655.98, 668.85, 682.09, 695.83, 710.26, 725.64, 742.39,99999.00,99999.00,99999.00,99999.00,99999.00,99999.00,99999.00,99999.00,99999.00,99999.00,99999.00,99999.00,99999.00,99999.00,99999.00,99999.00,99999.00,99999.00,99999.00,99999.00,99999.00,99999.00,99999.00,99999.00,99999.00,99999.00,99999.00,99999.00,99999.00,99999.00,99999.00,99999.00,99999.00,99999.00,99999.00,99999.00,99999.00,99999.00,99999.00
99999.00,99999.00,99999.00,99999.00,99999.00,99999.00,99999.00,99999.00,99999.00,99999.00,99999.00,99999.00,99999.00,99999.00,99999.00,99999.00,99999.00,99999.00,99999.00,99999.00,99999.00,99999.00, 646.92, 626.99, 608.21, 590.24, 572.85, 555.89, 539.27, 522.91, 506.77, 490.80, 474.96, 459.32, 444.03, 429.63, 415.99, 402.52, 389.79, 377.49, 366.15, 355.78, 346.20, 338.38, 334.78, 332.10, 330.01, 328.97, 329.66, 332.93,99999.00,99999.00,99999.00,99999.00,99999.00,99999.00,99999.00,99999.00,99999.00,99999.00,99999.00,99999.00,99999.00,99999.00,99999.00,99999.00,99999.00,99999.00,99999.00,99999.00,99999.00,99999.00,99999.00,99999.00, 552.87, 551.77, 553.55, 557.81, 565.32, 573.31, 581.78, 590.54, 600.13, 610.84, 622.37, 634.50, 647.10, 660.00, 673.28, 687.10, 701.70, 717.35, 734.42,99999.00,99999.00,99999.00,99999.00,99999.00,99999.00,99999.00,99999.00,99999.00,99999.00,99999.00,99999.00,99999.00,99999.00,99999.00,99999.00,99999.00,99999.00,99999.00,99999.00,99999.00,99999.00,99999.00,99999.00,99999.00,99999.00,99999.00,99999.00,99999.00,99999.00,99999.00,99999.00,99999.00,99999.00,99999.00,99999.00,99999.00,99999.00,99999.00
99999.00,99999.00,99999.00,99999.00,99999.00,99999.00,99999.00,99999.00,99999.00,99999.00,99999.00,99999.00,99999.00,99999.00,99999.00,99999.00,99999.00,99999.00,99999.00,99999.00,99999.00,99999.00, 651.88, 631.26, 611.78, 593.11, 574.99, 557.31, 539.95, 522.85, 505.95, 489.22, 472.61, 456.10, 439.77, 424.32, 409.17, 394.94, 381.52, 368.28, 356.12, 344.90, 334.60, 325.17, 319.60, 316.65, 314.19, 312.63, 312.58, 314.76,99999.00,99999.00,99999.00,99999.00,99999.00,99999.00,99999.00,99999.00,99999.00,99999.00,99999.00,99999.00,99999.00,99999.00,99999.00,99999.00,99999.00,99999.00,99999.00,99999.00,99999.00,99999.00,99999.00,99999.00, 534.23, 534.17, 536.69, 543.49, 551.75, 560.30, 569.13, 578.88, 589.66, 601.19, 613.24, 625.66, 638.31, 651.26, 664.70, 678.76, 693.67, 710.07, 728.37,99999.00,99999.00,99999.00,99999.00,99999.00,99999.00,99999.00,99999.00,99999.00,99999.00,99999.00,99999.00,99999.00,99999.00,99999.00,99999.00,99999.00,99999.00,99999.00,99999.00,99999.00,99999.00,99999.00,99999.00,99999.00,99999.00,99999.00,99999.00,99999.00,99999.00,99999.00,99999.00,99999.00,99999.00,99999.00,99999.00,99999.00,99999.00,99999.00
99999.00,99999.00,99999.00,99999.00,99999.00,99999.00,99999.00,99999.00,99999.00,99999.00,99999.00,99999.00,99999.00,99999.00,99999.00,99999.00,99999.00,99999.00,99999.00,99999.00,99999.00,99999.00, 658.99, 637.58, 617.31, 597.82, 578.88, 560.36, 542.16, 524.20, 506.44, 488.83, 471.33, 453.94, 436.61, 419.36, 403.18, 387.94, 373.06, 359.14, 346.04, 334.05, 322.96, 312.72, 304.81, 300.85, 298.04, 296.00, 295.21, 296.33,99999.00,99999.00,99999.00,99999.00,99999.00,99999.00,99999.00,99999.00,99999.00,99999.00,99999.00,99999.00,99999.00,99999.00,99999.00,99999.00,99999.00,99999.00,99999.00,99999.00,99999.00,99999.00,99999.00,99999.00, 515.66, 516.63, 521.34, 529.81, 538.53, 547.55, 557.52, 568.45, 580.05, 592.08, 604.41, 616.91, 629.69, 642.87, 656.59, 671.37, 687.78, 705.23, 723.69,99999.00,99999.00,99999.00,99999.00,99999.00,99999.00,99999.00,99999.00,99999.00,99999.00,99999.00,99999.00,99999.00,99999.00,99999.00,99999.00,99999.00,99999.00,99999.00,99999.00,99999.00,99999.00,99999.00,99999.00,99999.00,99999.00,99999.00,99999.00,99999.00,99999.00,99999.00,99999.00,99999.00,99999.00,99999.00,99999.00,99999.00,99999.00,99999.00
99999.00,99999.00,99999.00,99999.00,99999.00,99999.00,99999.00,99999.00,99999.00,99999.00,99999.00,99999.00,99999.00,99999.00,99999.00,99999.00,99999.00,99999.00,99999.00,99999.00,99999.00,99999.00, 667.22, 645.24, 624.57, 604.79, 584.89, 565.39, 546.20, 527.25, 508.47, 489.83, 471.30, 452.86, 434.50, 416.20, 398.05, 381.04, 365.20, 350.38, 335.94, 323.09, 311.30, 300.33, 290.56, 284.80, 281.55, 279.04, 277.56, 277.64,99999.00,99999.00,99999.00,99999.00,99999.00,99999.00,99999.00,99999.00,99999.00,99999.00,99999.00,99999.00,99999.00,99999.00,99999.00,99999.00,99999.00,99999.00,99999.00,99999.00,99999.00,99999.00,99999.00,99999.00, 497.12, 499.12, 507.15, 516.36, 525.64, 535.94, 547.10, 558.83, 570.92, 583.25, 595.72, 608.42, 621.44, 635.27, 650.42, 666.73, 683.61, 701.24, 719.88,99999.00,99999.00,99999.00,99999.00,99999.00,99999.00,99999.00,99999.00,99999.00,99999.00,99999.00,99999.00,99999.00,99999.00,99999.00,99999.00,99999.00,99999.00,99999.00,99999.00,99999.00,99999.00,99999.00,99999.00,99999.00,99999.00,99999.00,99999.00,99999.00,99999.00,99999.00,99999.00,99999.00,99999.00,99999.00,99999.00,99999.00,99999.00,99999.00
99999.00,99999.00,99999.00,99999.00,99999.00,99999.00,99999.00,99999.00,99999.00,99999.00,99999.00,99999.00,99999.00,99999.00,99999.00,99999.00,99999.00,99999.00,99999.00,99999.00,99999.00,99999.00, 676.86, 654.65, 633.07, 612.42, 592.37, 572.54, 552.18, 532.03, 512.05, 492.19, 472.42, 452.74, 433.13, 413.59, 394.25, 375.65, 357.93, 341.49, 326.27, 312.04, 299.47, 287.88, 277.01, 269.00, 264.68, 261.74, 259.59, 258.66,99999.00,99999.00,99999.00,99999.00,99999.00,99999.00,99999.00,99999.00,99999.00,99999.00,99999.00,99999.00,99999.00,99999.00,99999.00,99999.00,99999.00,99999.00,99999.00,99999.00,99999.00,99999.00,99999.00,99999.00, 478.54, 483.82, 493.51, 503.18, 513.93, 525.42, 537.37, 549.59, 562.00, 574.50, 587.16, 600.48, 614.91, 630.42, 646.50, 663.01, 680.09, 697.93, 716.79,99999.00,99999.00,99999.00,99999.00,99999.00,99999.00,99999.00,99999.00,99999.00,99999.00,99999.00,99999.00,99999.00,99999.00,99999.00,99999.00,99999.00,99999.00,99999.00,99999.00,99999.00,99999.00,99999.00,99999.00,99999.00,99999.00,99999.00,99999.00,99999.00,99999.00,99999.00,99999.00,99999.00,99999.00,99999.00,99999.00,99999.00,99999.00,99999.00
99999.00,99999.00,99999.00,99999.00,99999.00,99999.00,99999.00,99999.00,99999.00,99999.00,99999.00,99999.00,99999.00,99999.00,99999.00,99999.00,99999.00,99999.00,99999.00,99999.00,99999.00,99999.00, 687.72, 664.93, 643.38, 622.52, 601.40, 580.69, 560.30, 539.23, 517.79, 496.45, 475.19, 453.99, 432.86, 411.81, 391.02, 370.66, 351.64, 333.83, 316.96, 301.33, 287.48, 275.20, 263.78, 253.66, 247.66, 244.08, 241.29, 239.39,99999.00,99999.00,99999.00,99999.00,99999.00,99999.00,99999.00,99999.00,99999.00,99999.00,99999.00,99999.00,99999.00,99999.00,99999.00,99999.00,99999.00,99999.00,99999.00,99999.00,99999.00,99999.00,99999.00,99999.00, 459.83, 469.49, 479.91, 491.26, 503.19, 515.46, 527.89, 540.46, 553.05, 566.16, 580.23, 595.21, 610.94, 626.92, 643.23, 659.98, 677.31, 695.40, 714.51,99999.00,99999.00,99999.00,99999.00,99999.00,99999.00,99999.00,99999.00,99999.00,99999.00,99999.00,99999.00,99999.00,99999.00,99999.00,99999.00,99999.00,99999.00,99999.00,99999.00,99999.00,99999.00,99999.00,99999.00,99999.00,99999.00,99999.00,99999.00,99999.00,99999.00,99999.00,99999.00,99999.00,99999.00,99999.00,99999.00,99999.00,99999.00,99999.00
99999.00,99999.00,99999.00,99999.00,99999.00,99999.00,99999.00,99999.00,99999.00,99999.00,99999.00,99999.00,99999.00,99999.00,99999.00,99999.00,99999.00,99999.00,99999.00,99999.00,99999.00,99999.00,99999.00,99999.00,99999.00,99999.00,99999.00,99999.00,99999.00,99999.00,99999.00,99999.00,99999.00,99999.00,99999.00,99999.00, 388.70, 366.79, 345.68, 326.26, 308.41, 291.70, 275.79, 262.33, 250.29, 238.97, 230.79, 226.01, 222.66, 219.82,99999.00,99999.00,99999.00,99999.00,99999.00,99999.00,99999.00,99999.00,99999.00,99999.00,99999.00,99999.00,99999.00,99999.00,99999.00,99999.00,99999.00,99999.00,99999.00,99999.00,99999.00,99999.00,99999.00,99999.00, 444.22, 455.64, 467.73, 480.24, 492.95, 505.70, 518.48, 531.64, 545.63, 560.39, 576.06, 591.89, 607.89, 624.14, 640.73, 657.76, 675.37, 693.75, 713.16,99999.00,99999.00,99999.00,99999.00,99999.00,99999.00,99999.00,99999.00,99999.00,99999.00,99999.00,99999.00,99999.00,99999.00,99999.00,99999.00,99999.00,99999.00,99999.00,99999.00,99999.00,99999.00,99999.00,99999.00,99999.00,99999.00,99999.00,99999.00,99999.00,99999.00,99999.00,99999.00,99999.00,99999.00,99999.00,99999.00,99999.00,99999.00,99999.00
99999.00,99999.00,99999.00,99999.00,99999.00,99999.00,99999.00,99999.00,99999.00,99999.00,99999.00,99999.00,99999.00,99999.00,99999.00,99999.00,99999.00,99999.00,99999.00,99999.00,99999.00,99999.00,99999.00,99999.00,99999.00,99999.00,99999.00,99999.00,99999.00,99999.00,99999.00,99999.00,99999.00,99999.00,99999.00,99999.00,99999.00,99999.00, 340.77, 319.47, 299.99, 282.05, 265.45, 249.76, 236.63, 224.76, 214.35, 207.96, 203.78, 200.21, 196.98,99999.00,99999.00,99999.00,99999.00,99999.00,99999.00,99999.00,99999.00,99999.00,99999.00,99999.00,99999.00,99999.00,99999.00,99999.00,99999.00,99999.00,99999.00,99999.00,99999.00,99999.00,99999.00, 417.71, 430.31, 443.28, 456.48, 469.74, 482.91, 496.38, 510.53, 525.32, 540.89, 556.86, 572.89, 589.03, 605.35, 621.92, 638.84, 656.20, 674.16, 692.88, 712.64,99999.00,99999.00,99999.00,99999.00,99999.00,99999.00,99999.00,99999.00,99999.00,99999.00,99999.00,99999.00,99999.00,99999.00,99999.00,99999.00,99999.00,99999.00,99999.00,99999.00,99999.00,99999.00,99999.00,99999.00,99999.00,99999.00,99999.00,99999.00,99999.00,99999.00,99999.00,99999.00,99999.00,99999.00,99999.00,99999.00,99999.00,99999.00,99999.00
99999.00,99999.00,99999.00,99999.00,99999.00,99999.00,99999.00,99999.00,99999.00,99999.00,99999.00,99999.00,99999.00,99999.00,99999.00,99999.00,99999.00,99999.00,99999.00,99999.00,99999.00,99999.00,99999.00,99999.00,99999.00,99999.00,99999.00,99999.00,99999.00,99999.00,99999.00,99999.00,99999.00,99999.00,99999.00,99999.00,99999.00,99999.00, 336.52, 313.70, 292.45, 273.09, 255.20, 238.53, 223.27, 210.40, 198.62, 190.16, 184.83, 180.66, 176.65, 176.69,99999.00,99999.00,99999.00,99999.00,99999.00,99999.00,99999.00,99999.00,99999.00,99999.00,99999.00,99999.00,99999.00,99999.00,99999.00,99999.00,99999.00,99999.00,99999.00,99999.00, 390.27, 404.15, 418.02, 431.92, 445.76, 459.82, 474.40, 489.46, 505.17, 521.48, 537.80, 554.12, 570.51, 587.02, 603.73, 620.69, 638.01, 655.78, 674.14, 693.28, 713.49,99999.00,99999.00,99999.00,99999.00,99999.00,99999.00,99999.00,99999.00,99999.00,99999.00,99999.00,99999.00,99999.00,99999.00,99999.00,99999.00,99999.00,99999.00,99999.00,99999.00,99999.00,99999.00,99999.00,99999.00,99999.00,99999.00,99999.00,99999.00,99999.00,99999.00,99999.00,99999.00,99999.00,99999.00,99999.00,99999.00,99999.00,99999.00,99999.00
99999.00,99999.00,99999.00,99999.00,99999.00,99999.00,99999.00,99999.00,99999.00,99999.00,99999.00,99999.00,99999.00,99999.00,99999.00,99999.00,99999.00,99999.00,99999.00,99999.00,99999.00,99999.00,99999.00,99999.00,99999.00,99999.00,99999.00,99999.00,99999.00,99999.00,99999.00,99999.00,99999.00,99999.00,99999.00,99999.00,99999.00,99999.00,99999.00, 309.30, 286.65, 265.15, 245.85, 228.00, 211.25, 196.33, 183.64, 172.89, 166.14, 161.22, 156.75, 156.27, 158.22, 161.68, 166.54, 173.21, 180.95, 189.42, 198.36, 207.38, 217.19, 227.75, 239.00, 250.89, 263.53, 276.88, 290.30, 304.08, 318.27, 332.81, 347.74, 362.79, 377.54, 392.22, 406.75, 421.51, 436.74, 452.30, 468.37, 484.91, 501.74, 518.50, 535.24, 552.00, 568.85, 585.82, 603.00, 620.45, 638.26, 656.53, 675.42, 695.13, 715.92,99999.00,99999.00,99999.00,99999.00,99999.00,99999.00,99999.00,99999.00,99999.00,99999.00,99999.00,99999.00,99999.00,99999.00,99999.00,99999.00,99999.00,99999.00,99999.00,99999.00,99999.00,99999.00,99999.00,99999.00,99999.00,99999.00,99999.00,99999.00,99999.00,99999.00,99999.00,99999.00,99999.00,99999.00,99999.00,99999.00,99999.00,99999.00,99999.00
99999.00,99999.00,99999.00,99999.00,99999.00,99999.00,99999.00,99999.00,99999.00,99999.00,99999.00,99999.00,99999.00,99999.00,99999.00,99999.00,99999.00,99999.00,99999.00,99999.00,99999.00,99999.00,99999.00,99999.00,99999.00,99999.00,99999.00,99999.00,99999.00,99999.00,99999.00,99999.00,99999.00,99999.00,99999.00,99999.00,99999.00,99999.00,99999.00, 305.80, 282.28, 259.86, 238.27, 218.48, 200.47, 183.58, 168.92, 156.35, 147.77, 142.03, 137.20, 136.57, 138.43, 142.00, 147.60, 155.14, 163.50, 172.56, 181.65, 191.67, 202.41, 213.79, 225.78, 238.50, 251.87, 265.16, 278.63, 292.49, 306.65, 321.22, 336.25, 351.25, 366.42, 381.74, 397.41, 413.46, 430.03, 446.97, 464.54, 481.97, 499.31, 516.59, 533.88, 551.21, 568.63, 586.20, 603.98, 622.05, 640.49, 659.45, 679.04, 699.46, 720.97,99999.00,99999.00,99999.00,99999.00,99999.00,99999.00,99999.00,99999.00,99999.00,99999.00,99999.00,99999.00,99999.00,99999.00,99999.00,99999.00,99999.00,99999.00,99999.00,99999.00,99999.00,99999.00,99999.00,99999.00,99999.00,99999.00,99999.00,99999.00,99999.00,99999.00,99999.00,99999.00,99999.00,99999.00,99999.00,99999.00,99999.00,99999.00,99999.00
99999.00,99999.00,99999.00,99999.00,99999.00,99999.00,99999.00,99999.00,99999.00,99999.00,99999.00,99999.00,99999.00,99999.00,99999.00,99999.00,99999.00,99999.00,99999.00,99999.00,99999.00,99999.00,99999.00,99999.00,99999.00,99999.00,99999.00,99999.00,99999.00,99999.00,99999.00,99999.00,99999.00,99999.00,99999.00,99999.00,99999.00,99999.00,99999.00, 304.39, 280.02, 256.78, 234.38, 212.63, 191.38, 172.64, 155.41, 140.97, 129.87, 123.04, 117.88, 117.35, 119.37, 123.20, 130.54, 138.88, 147.88, 157.28, 167.57, 178.53, 190.09, 202.23, 215.04, 228.48, 241.79, 255.10, 268.62, 282.41, 296.56, 311.16, 326.19, 341.53, 357.31, 373.49, 390.15, 407.32, 425.28, 443.56, 461.74, 479.82, 497.84, 515.84, 533.86, 551.94, 570.13, 588.49, 607.09, 626.02, 645.35, 665.20, 685.69, 707.01, 729.16,99999.00,99999.00,99999.00,99999.00,99999.00,99999.00,99999.00,99999.00,99999.00,99999.00,99999.00,99999.00,99999.00,99999.00,99999.00,99999.00,99999.00,99999.00,99999.00,99999.00,99999.00,99999.00,99999.00,99999.00,99999.00,99999.00,99999.00,99999.00,99999.00,99999.00,99999.00,99999.00,99999.00,99999.00,99999.00,99999.00,99999.00,99999.00,99999.00
99999.00,99999.00,99999.00,99999.00,99999.00,99999.00,99999.00,99999.00,99999.00,99999.00,99999.00,99999.00,99999.00,99999.00,99999.00,99999.00,99999.00,99999.00,99999.00,99999.00,99999.00,99999.00,99999.00,99999.00,99999.00,99999.00,99999.00,99999.00,99999.00,99999.00,99999.00,99999.00,99999.00,99999.00,99999.00,99999.00,99999.00,99999.00,99999.00, 306.80, 281.30, 256.93, 233.41, 210.57, 188.24, 166.31, 144.69, 126.57, 112.50, 104.22,  98.66,  98.44, 100.80, 106.45, 114.82, 123.89, 133.73, 144.41, 155.66, 167.46, 179.79, 193.38, 206.77, 220.10, 233.33, 246.54, 260.03, 273.87, 288.08, 302.74, 317.97, 333.70, 349.96, 366.83, 384.46, 402.90, 421.84, 440.97, 460.05, 479.08, 498.07, 517.08, 536.14, 555.31, 574.62, 594.13, 613.89, 633.43, 652.96, 673.04, 693.83, 715.55, 738.48,99999.00,99999.00,99999.00,99999.00,99999.00,99999.00,99999.00,99999.00,99999.00,99999.00,99999.00,99999.00,99999.00,99999.00,99999.00,99999.00,99999.00,99999.00,99999.00,99999.00,99999.00,99999.00,99999.00,99999.00,99999.00,99999.00,99999.00,99999.00,99999.00,99999.00,99999.00,99999.00,99999.00,99999.00,99999.00,99999.00,99999.00,99999.00,99999.00
99999.00,99999.00,99999.00,99999.00,99999.00,99999.00,99999.00,99999.00,99999.00,99999.00,99999.00,99999.00,99999.00,99999.00,99999.00,99999.00,99999.00,99999.00,99999.00,99999.00,99999.00,99999.00,99999.00,99999.00,99999.00,99999.00,99999.00,99999.00,99999.00,99999.00,99999.00,99999.00,99999.00,99999.00,99999.00,99999.00,99999.00,99999.00,99999.00,99999.00,99999.00,99999.00,99999.00,99999.00,99999.00,99999.00,99999.00,99999.00,  96.97,  85.57,  79.37,  79.69,  82.56,  90.89, 100.14, 110.54, 121.69, 133.35, 145.49, 159.44, 173.09, 186.57, 199.88, 213.07, 226.24, 239.46, 252.94, 266.75, 281.03, 295.83, 311.19, 327.14, 343.84, 361.40, 379.91, 399.20,99999.00,99999.00,99999.00,99999.00,99999.00,99999.00,99999.00,99999.00,99999.00,99999.00,99999.00,99999.00,99999.00,99999.00,99999.00,99999.00,99999.00,99999.00,99999.00,99999.00,99999.00,99999.00,99999.00,99999.00,99999.00,99999.00,99999.00,99999.00,99999.00,99999.00,99999.00,99999.00,99999.00,99999.00,99999.00,99999.00,99999.00,99999.00,99999.00,99999.00,99999.00,99999.00,99999.00,99999.00,99999.00,99999.00,99999.00,99999.00,99999.00,99999.00,99999.00,99999.00,99999.00,99999.00,99999.00,99999.00
99999.00,99999.00,99999.00,99999.00,99999.00,99999.00,99999.00,99999.00,99999.00,99999.00,99999.00,99999.00,99999.00,99999.00,99999.00,99999.00,99999.00,99999.00,99999.00,99999.00,99999.00,99999.00,99999.00,99999.00,99999.00,99999.00,99999.00,99999.00,99999.00,99999.00,99999.00,99999.00,99999.00,99999.00,99999.00,99999.00,99999.00,99999.00,99999.00,99999.00,99999.00,99999.00,99999.00,99999.00,99999.00,99999.00,99999.00,99999.00,99999.00,  66.93,  59.87,  60.93,  66.77,  76.28,  87.40,  99.14, 111.30, 125.81, 139.92, 153.76, 167.33, 180.70, 193.95, 207.15, 220.30, 233.44, 246.93, 260.80, 275.07, 289.87, 305.32, 321.50, 338.45, 356.46, 375.53,99999.00,99999.00,99999.00,99999.00,99999.00,99999.00,99999.00,99999.00,99999.00,99999.00,99999.00,99999.00,99999.00,99999.00,99999.00,99999.00,99999.00,99999.00,99999.00,99999.00,99999.00,99999.00,99999.00,99999.00,99999.00,99999.00,99999.00,99999.00,99999.00,99999.00,99999.00,99999.00,99999.00,99999.00,99999.00,99999.00,99999.00,99999.00,99999.00,99999.00,99999.00,99999.00,99999.00,99999.00,99999.00,99999.00,99999.00,99999.00,99999.00,99999.00,99999.00,99999.00,99999.00,99999.00,99999.00,99999.00,99999.00
99999.00,99999.00,99999.00,99999.00,99999.00,99999.00,99999.00,99999.00,99999.00,99999.00,99999.00,99999.00,99999.00,99999.00,99999.00,99999.00,99999.00,99999.00,99999.00,99999.00,99999.00,99999.00,99999.00,99999.00,99999.00,99999.00,99999.00,99999.00,99999.00,99999.00,99999.00,99999.00,99999.00,99999.00,99999.00,99999.00,99999.00,99999.00,99999.00,99999.00,99999.00,99999.00,99999.00,99999.00,99999.00,99999.00,99999.00,99999.00,99999.00,99999.00,  40.09,  42.12,  51.85,  63.87,  76.40,  91.81, 106.66, 121.08, 135.12, 148.85, 162.37, 175.74, 188.96, 202.07, 215.20, 228.35, 241.78, 255.57, 269.82, 284.63, 300.01, 316.14, 333.25, 351.41,99999.00,99999.00,99999.00,99999.00,99999.00,99999.00,99999.00,99999.00,99999.00,99999.00,99999.00,99999.00,99999.00,99999.00,99999.00,99999.00,99999.00,99999.00,99999.00,99999.00,99999.00,99999.00,99999.00,99999.00,99999.00,99999.00,99999.00,99999.00,99999.00,99999.00,99999.00,99999.00,99999.00,99999.00,99999.00,99999.00,99999.00,99999.00,99999.00,99999.00,99999.00,99999.00,99999.00,99999.00,99999.00,99999.00,99999.00,99999.00,99999.00,99999.00,99999.00,99999.00,99999.00,99999.00,99999.00,99999.00,99999.00,99999.00
99999.00,99999.00,99999.00,99999.00,99999.00,99999.00,99999.00,99999.00,99999.00,99999.00,99999.00,99999.00,99999.00,99999.00,99999.00,99999.00,99999.00,99999.00,99999.00,99999.00,99999.00,99999.00,99999.00,99999.00,99999.00,99999.00,99999.00,99999.00,99999.00,99999.00,99999.00,99999.00,99999.00,99999.00,99999.00,99999.00,99999.00,99999.00,99999.00,99999.00,99999.00,99999.00,99999.00,99999.00,99999.00,99999.00,99999.00,99999.00,99999.00,99999.00,  20.08,  26.54,  39.69,  56.40,  72.35,  87.71, 102.55, 116.96, 131.01, 144.74, 158.23, 171.51, 184.69, 197.80, 210.85, 223.90, 237.26, 251.00, 265.08, 279.70, 294.96, 310.99, 327.95, 346.08,99999.00,99999.00,99999.00,99999.00,99999.00,99999.00,99999.00,99999.00,99999.00,99999.00,99999.00,99999.00,99999.00,99999.00,99999.00,99999.00,99999.00,99999.00,99999.00,99999.00,99999.00,99999.00,99999.00,99999.00,99999.00,99999.00,99999.00,99999.00,99999.00,99999.00,99999.00,99999.00,99999.00,99999.00,99999.00,99999.00,99999.00,99999.00,99999.00,99999.00,99999.00,99999.00,99999.00,99999.00,99999.00,99999.00,99999.00,99999.00,99999.00,99999.00,99999.00,99999.00,99999.00,99999.00,99999.00,99999.00,99999.00,99999.00
99999.00,99999.00,99999.00,99999.00,99999.00,99999.00,99999.00,99999.00,99999.00,99999.00,99999.00,99999.00,99999.00,99999.00,99999.00,99999.00,99999.00,99999.00,99999.00,99999.00,99999.00,99999.00,99999.00,99999.00,99999.00,99999.00,99999.00,99999.00,99999.00,99999.00,99999.00,99999.00,99999.00,99999.00,99999.00,99999.00,99999.00,99999.00,99999.00,99999.00,99999.00,99999.00,99999.00,99999.00,99999.00,99999.00,99999.00,99999.00,99999.00,99999.00,   0.00,  18.58,  36.13,  52.82,  68.80,  84.17,  99.03, 113.46, 127.51, 141.26, 154.75, 168.02, 181.12, 194.12, 207.09, 220.08, 233.25, 246.75, 260.67, 275.08, 290.10, 305.85, 322.52, 340.39,99999.00,99999.00,99999.00,99999.00,99999.00,99999.00,99999.00,99999.00,99999.00,99999.00,99999.00,99999.00,99999.00,99999.00,99999.00,99999.00,99999.00,99999.00,99999.00,99999.00,99999.00,99999.00,99999.00,99999.00,99999.00,99999.00,99999.00,99999.00,99999.00,99999.00,99999.00,99999.00,99999.00,99999.00,99999.00,99999.00,99999.00,99999.00,99999.00,99999.00,99999.00,99999.00,99999.00,99999.00,99999.00,99999.00,99999.00,99999.00,99999.00,99999.00,99999.00,99999.00,99999.00,99999.00,99999.00,99999.00,99999.00,99999.00
99999.00,99999.00,99999.00,99999.00,99999.00,99999.00,99999.00,99999.00,99999.00,99999.00,99999.00,99999.00,99999.00,99999.00,99999.00,99999.00,99999.00,99999.00,99999.00,99999.00,99999.00,99999.00,99999.00,99999.00,99999.00,99999.00,99999.00,99999.00,99999.00,99999.00,99999.00,99999.00,99999.00,99999.00,99999.00,99999.00,99999.00,99999.00,99999.00,99999.00,99999.00,99999.00,99999.00,99999.00,99999.00,99999.00,99999.00,99999.00,99999.00,99999.00,   0.00,  18.41,  35.78,  52.28,  68.06,  83.24,  97.90, 112.13, 125.98, 139.52, 152.79, 165.84, 178.73, 191.49, 204.17, 216.87, 229.75, 242.96, 256.59, 270.71, 285.43, 300.90, 317.28, 334.89,99999.00,99999.00,99999.00,99999.00,99999.00,99999.00,99999.00,99999.00,99999.00,99999.00,99999.00,99999.00,99999.00,99999.00,99999.00,99999.00,99999.00,99999.00,99999.00,99999.00,99999.00,99999.00,99999.00,99999.00,99999.00,99999.00,99999.00,99999.00,99999.00,99999.00,99999.00,99999.00,99999.00,99999.00,99999.00,99999.00,99999.00,99999.00,99999.00,99999.00,99999.00,99999.00,99999.00,99999.00,99999.00,99999.00,99999.00,99999.00,99999.00,99999.00,99999.00,99999.00,99999.00,99999.00,99999.00,99999.00,99999.00,99999.00
99999.00,99999.00,99999.00,99999.00,99999.00,99999.00,99999.00,99999.00,99999.00,99999.00,99999.00,99999.00,99999.00,99999.00,99999.00,99999.00,99999.00,99999.00,99999.00,99999.00,99999.00,99999.00,99999.00,99999.00,99999.00,99999.00,99999.00,99999.00,99999.00,99999.00,99999.00,99999.00,99999.00,99999.00,99999.00,99999.00,99999.00,99999.00,99999.00,99999.00,99999.00,99999.00,99999.00,99999.00,99999.00,99999.00,99999.00,99999.00,99999.00,99999.00,   0.00,  18.28,  35.50,  51.85,  67.48,  82.49,  96.99, 111.05, 124.73, 138.09, 151.18, 164.05, 176.75, 189.32, 201.81, 214.27, 226.88, 239.83, 253.19, 267.05, 281.52, 296.72, 312.86, 330.23,99999.00,99999.00,99999.00,99999.00,99999.00,99999.00,99999.00,99999.00,99999.00,99999.00,99999.00,99999.00,99999.00,99999.00,99999.00,99999.00,99999.00,99999.00,99999.00,99999.00,99999.00,99999.00,99999.00,99999.00,99999.00,99999.00,99999.00,99999.00,99999.00,99999.00,99999.00,99999.00,99999.00,99999.00,99999.00,99999.00,99999.00,99999.00,99999.00,99999.00,99999.00,99999.00,99999.00,99999.00,99999.00,99999.00,99999.00,99999.00,99999.00,99999.00,99999.00,99999.00,99999.00,99999.00,99999.00,99999.00,99999.00,99999.00
99999.00,99999.00,99999.00,99999.00,99999.00,99999.00,99999.00,99999.00,99999.00,99999.00,99999.00,99999.00,99999.00,99999.00,99999.00,99999.00,99999.00,99999.00,99999.00,99999.00,99999.00,99999.00,99999.00,99999.00,99999.00,99999.00,99999.00,99999.00,99999.00,99999.00,99999.00,99999.00,99999.00,99999.00,99999.00,99999.00,99999.00,99999.00,99999.00,99999.00,99999.00,99999.00,99999.00,99999.00,99999.00,99999.00,99999.00,99999.00,99999.00,99999.00,   0.00,  18.17,  35.28,  51.51,  67.01,  81.90,  96.27, 110.19, 123.73, 136.94, 149.88, 162.60, 175.13, 187.54, 199.86, 212.15, 224.55, 237.27, 250.39, 264.01, 278.24, 293.21, 309.12, 326.27,99999.00,99999.00,99999.00,99999.00,99999.00,99999.00,99999.00,99999.00,99999.00,99999.00,99999.00,99999.00,99999.00,99999.00,99999.00,99999.00,99999.00,99999.00,99999.00,99999.00,99999.00,99999.00,99999.00,99999.00,99999.00,99999.00,99999.00,99999.00,99999.00,99999.00,99999.00,99999.00,99999.00,99999.00,99999.00,99999.00,99999.00,99999.00,99999.00,99999.00,99999.00,99999.00,99999.00,99999.00,99999.00,99999.00,99999.00,99999.00,99999.00,99999.00,99999.00,99999.00,99999.00,99999.00,99999.00,99999.00,99999.00,99999.00
99999.00,99999.00,99999.00,99999.00,99999.00,99999.00,99999.00,99999.00,99999.00,99999.00,99999.00,99999.00,99999.00,99999.00,99999.00,99999.00,99999.00,99999.00,99999.00,99999.00,99999.00,99999.00,99999.00,99999.00,99999.00,99999.00,99999.00,99999.00,99999.00,99999.00,99999.00,99999.00,99999.00,99999.00,99999.00,99999.00,99999.00,99999.00,99999.00,99999.00,99999.00,99999.00,99999.00,99999.00,99999.00,99999.00,99999.00,99999.00,99999.00,99999.00,   0.00,  18.10,  35.12,  51.26,  66.66,  81.45,  95.71, 109.52, 122.94, 136.03, 148.85, 161.43, 173.83, 186.10, 198.27, 210.41, 222.66, 235.19, 248.10, 261.51, 275.52, 290.28, 305.99, 322.93,99999.00,99999.00,99999.00,99999.00,99999.00,99999.00,99999.00,99999.00,99999.00,99999.00,99999.00,99999.00,99999.00,99999.00,99999.00,99999.00,99999.00,99999.00,99999.00,99999.00,99999.00,99999.00,99999.00,99999.00,99999.00,99999.00,99999.00,99999.00,99999.00,99999.00,99999.00,99999.00,99999.00,99999.00,99999.00,99999.00,99999.00,99999.00,99999.00,99999.00,99999.00,99999.00,99999.00,99999.00,99999.00,99999.00,99999.00,99999.00,99999.00,99999.00,99999.00,99999.00,99999.00,99999.00,99999.00,99999.00,99999.00,99999.00
99999.00,99999.00,99999.00,99999.00,99999.00,99999.00,99999.00,99999.00,99999.00,99999.00,99999.00,99999.00,99999.00,99999.00,99999.00,99999.00,99999.00,99999.00,99999.00,99999.00,99999.00,99999.00,99999.00,99999.00,99999.00,99999.00,99999.00,99999.00,99999.00,99999.00,99999.00,99999.00,99999.00,99999.00,99999.00,99999.00,99999.00,99999.00,99999.00,99999.00,99999.00,99999.00,99999.00,99999.00,99999.00,99999.00,99999.00,99999.00,99999.00,99999.00,   0.00,  18.05,  35.01,  51.08,  66.42,  81.13,  95.31, 109.03, 122.35, 135.35, 148.05, 160.53, 172.81, 184.96, 197.01, 209.02, 221.14, 233.53, 246.26, 259.47, 273.29, 287.86, 303.37, 320.13,99999.00,99999.00,99999.00,99999.00,99999.00,99999.00,99999.00,99999.00,99999.00,99999.00,99999.00,99999.00,99999.00,99999.00,99999.00,99999.00,99999.00,99999.00,99999.00,99999.00,99999.00,99999.00,99999.00,99999.00,99999.00,99999.00,99999.00,99999.00,99999.00,99999.00,99999.00,99999.00,99999.00,99999.00,99999.00,99999.00,99999.00,99999.00,99999.00,99999.00,99999.00,99999.00,99999.00,99999.00,99999.00,99999.00,99999.00,99999.00,99999.00,99999.00,99999.00,99999.00,99999.00,99999.00,99999.00,99999.00,99999.00,99999.00
99999.00,99999.00,99999.00,99999.00,99999.00,99999.00,99999.00,99999.00,99999.00,99999.00,99999.00,99999.00,99999.00,99999.00,99999.00,99999.00,99999.00,99999.00,99999.00,99999.00,99999.00,99999.00,99999.00,99999.00,99999.00,99999.00,99999.00,99999.00,99999.00,99999.00,99999.00,99999.00,99999.00,99999.00,99999.00,99999.00,99999.00,99999.00,99999.00,99999.00,99999.00,99999.00,99999.00,99999.00,99999.00,99999.00,99999.00,99999.00,99999.00,99999.00,   0.00,  18.02,  34.95,  50.98,  66.27,  80.93,  95.04, 108.69, 121.95, 134.86, 147.48, 159.86, 172.05, 184.09, 196.04, 207.94, 219.94, 232.21, 244.82, 257.86, 271.50, 285.89, 301.22, 317.81,99999.00,99999.00,99999.00,99999.00,99999.00,99999.00,99999.00,99999.00,99999.00,99999.00,99999.00,99999.00,99999.00,99999.00,99999.00,99999.00,99999.00,99999.00,99999.00,99999.00,99999.00,99999.00,99999.00,99999.00,99999.00,99999.00,99999.00,99999.00,99999.00,99999.00,99999.00,99999.00,99999.00,99999.00,99999.00,99999.00,99999.00,99999.00,99999.00,99999.00,99999.00,99999.00,99999.00,99999.00,99999.00,99999.00,99999.00,99999.00,99999.00,99999.00,99999.00,99999.00,99999.00,99999.00,99999.00,99999.00,99999.00,99999.00
99999.00,99999.00,99999.00,99999.00,99999.00,99999.00,99999.00,99999.00,99999.00,99999.00,99999.00,99999.00,99999.00,99999.00,99999.00,99999.00,99999.00,99999.00,99999.00,99999.00,99999.00,99999.00,99999.00,99999.00,99999.00,99999.00,99999.00,99999.00,99999.00,99999.00,99999.00,99999.00,99999.00,99999.00,99999.00,99999.00,99999.00,99999.00,99999.00,99999.00,99999.00,99999.00,99999.00,99999.00,99999.00,99999.00,99999.00,99999.00,99999.00,99999.00,   0.00,  18.02,  34.94,  50.95,  66.21,  80.84,  94.91, 108.52, 121.71, 134.56, 147.12, 159.42, 171.53, 183.48, 195.33, 207.13, 219.03, 231.20, 243.70, 256.62, 270.10, 284.32, 299.50, 315.93,99999.00,99999.00,99999.00,99999.00,99999.00,99999.00,99999.00,99999.00,99999.00,99999.00,99999.00,99999.00,99999.00,99999.00,99999.00,99999.00,99999.00,99999.00,99999.00,99999.00,99999.00,99999.00,99999.00,99999.00,99999.00,99999.00,99999.00,99999.00,99999.00,99999.00,99999.00,99999.00,99999.00,99999.00,99999.00,99999.00,99999.00,99999.00,99999.00,99999.00,99999.00,99999.00,99999.00,99999.00,99999.00,99999.00,99999.00,99999.00,99999.00,99999.00,99999.00,99999.00,99999.00,99999.00,99999.00,99999.00,99999.00,99999.00
99999.00,99999.00,99999.00,99999.00,99999.00,99999.00,99999.00,99999.00,99999.00,99999.00,99999.00,99999.00,99999.00,99999.00,99999.00,99999.00,99999.00,99999.00,99999.00,99999.00,99999.00,99999.00,99999.00,99999.00,99999.00,99999.00,99999.00,99999.00,99999.00,99999.00,99999.00,99999.00,99999.00,99999.00,99999.00,99999.00,99999.00,99999.00,99999.00,99999.00,99999.00,99999.00,99999.00,99999.00,99999.00,99999.00,99999.00,99999.00,99999.00,99999.00,   0.00,  18.04,  34.97,  50.99,  66.25,  80.86,  94.91, 108.48, 121.64, 134.44, 146.94, 159.18, 171.22, 183.10, 194.87, 206.59, 218.40, 230.47, 242.87, 255.69, 269.06, 283.13, 298.16, 314.44,99999.00,99999.00,99999.00,99999.00,99999.00,99999.00,99999.00,99999.00,99999.00,99999.00,99999.00,99999.00,99999.00,99999.00,99999.00,99999.00,99999.00,99999.00,99999.00,99999.00,99999.00,99999.00,99999.00,99999.00,99999.00,99999.00,99999.00,99999.00,99999.00,99999.00,99999.00,99999.00,99999.00,99999.00,99999.00,99999.00,99999.00,99999.00,99999.00,99999.00,99999.00,99999.00,99999.00,99999.00,99999.00,99999.00,99999.00,99999.00,99999.00,99999.00,99999.00,99999.00,99999.00,99999.00,99999.00,99999.00,99999.00,99999.00
99999.00,99999.00,99999.00,99999.00,99999.00,99999.00,99999.00,99999.00,99999.00,99999.00,99999.00,99999.00,99999.00,99999.00,99999.00,99999.00,99999.00,99999.00,99999.00,99999.00,99999.00,99999.00,99999.00,99999.00,99999.00,99999.00,99999.00,99999.00,99999.00,99999.00,99999.00,99999.00,99999.00,99999.00,99999.00,99999.00,99999.00,99999.00,99999.00,99999.00,99999.00,99999.00,99999.00,99999.00,99999.00,99999.00,99999.00,99999.00,99999.00,99999.00,   0.00,  18.09,  35.05,  51.10,  66.37,  80.98,  95.03, 108.59, 121.72, 134.49, 146.95, 159.14, 171.12, 182.94, 194.65, 206.29, 218.02, 230.00, 242.32, 255.05, 268.32, 282.26, 297.15, 313.29,99999.00,99999.00,99999.00,99999.00,99999.00,99999.00,99999.00,99999.00,99999.00,99999.00,99999.00,99999.00,99999.00,99999.00,99999.00,99999.00,99999.00,99999.00,99999.00,99999.00,99999.00,99999.00,99999.00,99999.00,99999.00,99999.00,99999.00,99999.00,99999.00,99999.00,99999.00,99999.00,99999.00,99999.00,99999.00,99999.00,99999.00,99999.00,99999.00,99999.00,99999.00,99999.00,99999.00,99999.00,99999.00,99999.00,99999.00,99999.00,99999.00,99999.00,99999.00,99999.00,99999.00,99999.00,99999.00,99999.00,99999.00,99999.00
99999.00,99999.00,99999.00,99999.00,99999.00,99999.00,99999.00,99999.00,99999.00,99999.00,99999.00,99999.00,99999.00,99999.00,99999.00,99999.00,99999.00,99999.00,99999.00,99999.00,99999.00,99999.00,99999.00,99999.00,99999.00,99999.00,99999.00,99999.00,99999.00,99999.00,99999.00,99999.00,99999.00,99999.00,99999.00,99999.00,99999.00,99999.00,99999.00,99999.00,99999.00,99999.00,99999.00,99999.00,99999.00,99999.00,99999.00,99999.00,99999.00,99999.00,   0.00,  18.16,  35.18,  51.27,  66.57,  81.21,  95.26, 108.82, 121.94, 134.69, 147.12, 159.27, 171.21, 182.97, 194.61, 206.19, 217.85, 229.75, 241.98, 254.62, 267.79, 281.63, 296.36, 312.34,99999.00,99999.00,99999.00,99999.00,99999.00,99999.00,99999.00,99999.00,99999.00,99999.00,99999.00,99999.00,99999.00,99999.00,99999.00,99999.00,99999.00,99999.00,99999.00,99999.00,99999.00,99999.00,99999.00,99999.00,99999.00,99999.00,99999.00,99999.00,99999.00,99999.00,99999.00,99999.00,99999.00,99999.00,99999.00,99999.00,99999.00,99999.00,99999.00,99999.00,99999.00,99999.00,99999.00,99999.00,99999.00,99999.00,99999.00,99999.00,99999.00,99999.00,99999.00,99999.00,99999.00,99999.00,99999.00,99999.00,99999.00,99999.00
99999.00,99999.00,99999.00,99999.00,99999.00,99999.00,99999.00,99999.00,99999.00,99999.00,99999.00,99999.00,99999.00,99999.00,99999.00,99999.00,99999.00,99999.00,99999.00,99999.00,99999.00,99999.00,99999.00,99999.00,99999.00,99999.00,99999.00,99999.00,99999.00,99999.00,99999.00,99999.00,99999.00,99999.00,99999.00,99999.00,99999.00,99999.00,99999.00,99999.00,99999.00,99999.00,99999.00,99999.00,99999.00,99999.00,99999.00,99999.00,99999.00,99999.00,   0.00,  18.25,  35.35,  51.50,  66.85,  81.52,  95.60, 109.16, 122.27, 135.00, 147.40, 159.51, 171.40, 183.10, 194.67, 206.17, 217.73, 229.54, 241.64, 254.15, 267.15, 280.79, 295.24, 310.79,99999.00,99999.00,99999.00,99999.00,99999.00,99999.00,99999.00,99999.00,99999.00,99999.00,99999.00,99999.00,99999.00,99999.00,99999.00,99999.00,99999.00,99999.00,99999.00,99999.00,99999.00,99999.00,99999.00,99999.00,99999.00,99999.00,99999.00,99999.00,99999.00,99999.00,99999.00,99999.00,99999.00,99999.00,99999.00,99999.00,99999.00,99999.00,99999.00,99999.00,99999.00,99999.00,99999.00,99999.00,99999.00,99999.00,99999.00,99999.00,99999.00,99999.00,99999.00,99999.00,99999.00,99999.00,99999.00,99999.00,99999.00,99999.00
99999.00,99999.00,99999.00,99999.00,99999.00,99999.00,99999.00,99999.00,99999.00,99999.00,99999.00,99999.00,99999.00,99999.00,99999.00,99999.00,99999.00,99999.00,99999.00,99999.00,99999.00,99999.00,99999.00,99999.00,99999.00,99999.00,99999.00,99999.00,99999.00,99999.00,99999.00,99999.00,99999.00,99999.00,99999.00,99999.00,99999.00,99999.00,99999.00,99999.00,99999.00,99999.00,99999.00,99999.00,99999.00,99999.00,99999.00,99999.00,99999.00,99999.00,  19.80,  25.94,  38.42,  54.52,  69.79,  84.38,  98.38, 111.86, 124.91, 137.57, 149.92, 161.99, 173.82, 185.45, 196.94, 208.33, 219.78, 231.45, 243.40, 255.71, 268.48, 281.82, 295.86, 310.80, 326.91,99999.00,99999.00,99999.00,99999.00,99999.00,99999.00,99999.00,99999.00,99999.00,99999.00,99999.00,99999.00,99999.00,99999.00,99999.00,99999.00,99999.00,99999.00,99999.00,99999.00,99999.00,99999.00,99999.00,99999.00,99999.00,99999.00,99999.00,99999.00,99999.00,99999.00,99999.00,99999.00,99999.00,99999.00,99999.00,99999.00,99999.00,99999.00,99999.00,99999.00,99999.00,99999.00,99999.00,99999.00,99999.00,99999.00,99999.00,99999.00,99999.00,99999.00,99999.00,99999.00,99999.00,99999.00,99999.00,99999.00,99999.00
99999.00,99999.00,99999.00,99999.00,99999.00,99999.00,99999.00,99999.00,99999.00,99999.00,99999.00,99999.00,99999.00,99999.00,99999.00,99999.00,99999.00,99999.00,99999.00,99999.00,99999.00,99999.00,99999.00,99999.00,99999.00,99999.00,99999.00,99999.00,99999.00,99999.00,99999.00,99999.00,99999.00,99999.00,99999.00,99999.00,99999.00,99999.00,99999.00,99999.00,99999.00,99999.00,99999.00,99999.00,99999.00,99999.00,99999.00,99999.00,99999.00,99999.00,  39.48,  40.92,  50.23,  61.36,  72.88,  87.41, 101.31, 114.69, 127.63, 140.19, 152.44, 164.42, 176.17, 187.72, 199.10, 210.37, 221.68, 233.18, 244.94, 257.02, 269.49, 282.45, 296.00, 310.25, 325.36, 341.42,99999.00,99999.00,99999.00,99999.00,99999.00,99999.00,99999.00,99999.00,99999.00,99999.00,99999.00,99999.00,99999.00,99999.00,99999.00,99999.00,99999.00,99999.00,99999.00,99999.00,99999.00,99999.00,99999.00,99999.00,99999.00,99999.00,99999.00,99999.00,99999.00,99999.00,99999.00,99999.00,99999.00,99999.00,99999.00,99999.00,99999.00,99999.00,99999.00,99999.00,99999.00,99999.00,99999.00,99999.00,99999.00,99999.00,99999.00,99999.00,99999.00,99999.00,99999.00,99999.00,99999.00,99999.00,99999.00,99999.00
99999.00,99999.00,99999.00,99999.00,99999.00,99999.00,99999.00,99999.00,99999.00,99999.00,99999.00,99999.00,99999.00,99999.00,99999.00,99999.00,99999.00,99999.00,99999.00,99999.00,99999.00,99999.00,99999.00,99999.00,99999.00,99999.00,99999.00,99999.00,99999.00,99999.00,99999.00,99999.00,99999.00,99999.00,99999.00,99999.00,99999.00,99999.00,99999.00,99999.00,99999.00,99999.00,99999.00,99999.00,99999.00,99999.00,99999.00,99999.00,99999.00,  66.36,  58.85,  59.06,  64.15,  73.11,  83.11,  93.64, 104.32, 117.63, 130.45, 142.89, 155.00, 166.86, 178.50, 189.94, 201.19, 212.32, 223.47, 234.78, 246.31, 258.12, 270.29, 282.88, 295.93, 309.53, 323.74, 338.60, 354.09, 370.03, 386.18, 402.13, 417.49, 433.09, 448.52, 463.79, 479.49, 495.56, 511.66, 528.29, 545.55, 563.55, 582.45, 602.22, 623.31,99999.00,99999.00,99999.00,99999.00,99999.00,99999.00,99999.00,99999.00,99999.00,99999.00,99999.00,99999.00,99999.00,99999.00,99999.00,99999.00,99999.00,99999.00,99999.00,99999.00,99999.00,99999.00,99999.00,99999.00,99999.00,99999.00,99999.00,99999.00,99999.00,99999.00,99999.00,99999.00,99999.00,99999.00,99999.00,99999.00,99999.00,99999.00,99999.00
99999.00,99999.00,99999.00,99999.00,99999.00,99999.00,99999.00,99999.00,99999.00,99999.00,99999.00,99999.00,99999.00,99999.00,99999.00,99999.00,99999.00,99999.00,99999.00,99999.00,99999.00,99999.00,99999.00,99999.00,99999.00,99999.00,99999.00,99999.00,99999.00,99999.00,99999.00,99999.00,99999.00,99999.00,99999.00,99999.00,99999.00,99999.00,99999.00,99999.00,99999.00,99999.00,99999.00,99999.00,99999.00,99999.00,99999.00,99999.00,  96.80,  84.82,  77.94,  77.06,  78.97,  86.30,  94.79, 103.78, 113.44, 123.34, 133.30, 145.65, 157.63, 169.33, 180.81, 192.12, 203.23, 214.22, 225.22, 236.38, 247.75, 259.35, 271.26, 283.50, 296.11, 309.14, 322.59, 336.51, 350.88, 365.61, 380.52, 395.63, 410.52, 425.20, 440.20, 455.42, 470.56, 486.11, 502.12, 518.65, 535.80, 553.43, 571.82, 591.33, 612.28,99999.00,99999.00,99999.00,99999.00,99999.00,99999.00,99999.00,99999.00,99999.00,99999.00,99999.00,99999.00,99999.00,99999.00,99999.00,99999.00,99999.00,99999.00,99999.00,99999.00,99999.00,99999.00,99999.00,99999.00,99999.00,99999.00,99999.00,99999.00,99999.00,99999.00,99999.00,99999.00,99999.00,99999.00,99999.00,99999.00,99999.00,99999.00,99999.00
99999.00,99999.00,99999.00,99999.00,99999.00,99999.00,99999.00,99999.00,99999.00,99999.00,99999.00,99999.00,99999.00,99999.00,99999.00,99999.00,99999.00,99999.00,99999.00,99999.00,99999.00,99999.00,99999.00,99999.00,99999.00,99999.00,99999.00,99999.00,99999.00,99999.00,99999.00,99999.00,99999.00,99999.00,99999.00,99999.00,99999.00,99999.00,99999.00, 321.65, 294.05, 267.65, 242.22, 217.56, 193.57, 170.13, 147.16, 127.63, 112.99, 103.23,  96.78,  94.92,  95.92, 100.15, 107.36, 115.45, 123.53, 132.36, 141.54, 150.89, 160.24, 171.82, 183.18, 194.39, 205.42, 216.31, 227.19, 238.21, 249.39, 260.78, 272.41, 284.31, 296.51, 309.02, 321.83, 334.98, 348.50, 362.30, 376.29, 390.48, 404.89, 419.43, 433.82, 448.53, 463.58, 479.03, 494.93, 511.09, 527.73, 545.10, 563.35, 582.68, 603.42,99999.00,99999.00,99999.00,99999.00,99999.00,99999.00,99999.00,99999.00,99999.00,99999.00,99999.00,99999.00,99999.00,99999.00,99999.00,99999.00,99999.00,99999.00,99999.00,99999.00,99999.00,99999.00,99999.00,99999.00,99999.00,99999.00,99999.00,99999.00,99999.00,99999.00,99999.00,99999.00,99999.00,99999.00,99999.00,99999.00,99999.00,99999.00,99999.00
99999.00,99999.00,99999.00,99999.00,99999.00,99999.00,99999.00,99999.00,99999.00,99999.00,99999.00,99999.00,99999.00,99999.00,99999.00,99999.00,99999.00,99999.00,99999.00,99999.00,99999.00,99999.00,99999.00,99999.00,99999.00,99999.00,99999.00,99999.00,99999.00,99999.00,99999.00,99999.00,99999.00,99999.00,99999.00,99999.00,99999.00,99999.00,99999.00, 323.82, 296.75, 270.88, 245.98, 221.85, 198.38, 177.77, 158.69, 143.13, 130.60, 121.73, 115.46, 112.69, 112.81, 114.89, 120.50, 127.41, 134.96, 142.42, 150.49, 158.99, 167.77, 176.68, 185.64, 196.71, 207.64, 218.42, 229.17, 240.04, 251.04, 262.21, 273.57, 285.16, 296.97, 309.02, 321.29, 333.80, 346.65, 359.77, 373.10, 386.64, 400.41, 414.43, 428.73, 443.34, 458.28, 473.36, 488.75, 504.65, 521.14, 538.34, 556.38, 575.46, 595.86,99999.00,99999.00,99999.00,99999.00,99999.00,99999.00,99999.00,99999.00,99999.00,99999.00,99999.00,99999.00,99999.00,99999.00,99999.00,99999.00,99999.00,99999.00,99999.00,99999.00,99999.00,99999.00,99999.00,99999.00,99999.00,99999.00,99999.00,99999.00,99999.00,99999.00,99999.00,99999.00,99999.00,99999.00,99999.00,99999.00,99999.00,99999.00,99999.00
99999.00,99999.00,99999.00,99999.00,99999.00,99999.00,99999.00,99999.00,99999.00,99999.00,99999.00,99999.00,99999.00,99999.00,99999.00,99999.00,99999.00,99999.00,99999.00,99999.00,99999.00,99999.00,99999.00,99999.00,99999.00,99999.00,99999.00,99999.00,99999.00,99999.00,99999.00,99999.00,99999.00,99999.00,99999.00,99999.00,99999.00,99999.00,99999.00, 329.70, 302.71, 276.94, 252.12, 230.04, 209.71, 190.27, 174.06, 160.50, 148.96, 140.52, 134.13, 130.47, 129.72, 130.98, 134.39, 140.01, 146.64, 153.39, 160.55, 167.99, 175.92, 184.19, 192.69, 201.31, 209.96, 220.65, 231.31, 242.06, 252.92, 263.92, 275.07, 286.40, 297.91, 309.61, 321.49, 333.57, 345.94, 358.55, 371.38, 384.41, 397.68, 411.20, 425.00, 439.10, 453.54, 468.36, 483.60, 499.33, 515.61, 532.56, 550.28, 568.97, 588.86,99999.00,99999.00,99999.00,99999.00,99999.00,99999.00,99999.00,99999.00,99999.00,99999.00,99999.00,99999.00,99999.00,99999.00,99999.00,99999.00,99999.00,99999.00,99999.00,99999.00,99999.00,99999.00,99999.00,99999.00,99999.00,99999.00,99999.00,99999.00,99999.00,99999.00,99999.00,99999.00,99999.00,99999.00,99999.00,99999.00,99999.00,99999.00,99999.00
99999.00,99999.00,99999.00,99999.00,99999.00,99999.00,99999.00,99999.00,99999.00,99999.00,99999.00,99999.00,99999.00,99999.00,99999.00,99999.00,99999.00,99999.00,99999.00,99999.00,99999.00,99999.00,99999.00,99999.00,99999.00,99999.00,99999.00,99999.00,99999.00,99999.00,99999.00,99999.00,99999.00,99999.00,99999.00,99999.00,99999.00,99999.00,99999.00, 337.72, 310.44, 286.21, 264.13, 243.20, 222.97, 206.07, 191.86, 178.73, 167.98, 159.58, 152.93, 148.34, 146.70, 147.12, 149.26, 153.25, 158.68, 164.97, 171.29, 178.17, 185.03, 192.44, 200.24, 208.34, 216.65, 225.04, 233.68, 244.35, 255.11, 265.98, 276.97, 288.10, 299.38, 310.80, 322.37, 334.09, 346.08, 358.30, 370.72, 383.36, 396.23, 409.35, 422.75, 436.45, 450.49, 464.91, 479.76, 495.09, 510.97, 527.52, 544.85, 563.13, 582.63,99999.00,99999.00,99999.00,99999.00,99999.00,99999.00,99999.00,99999.00,99999.00,99999.00,99999.00,99999.00,99999.00,99999.00,99999.00,99999.00,99999.00,99999.00,99999.00,99999.00,99999.00,99999.00,99999.00,99999.00,99999.00,99999.00,99999.00,99999.00,99999.00,99999.00,99999.00,99999.00,99999.00,99999.00,99999.00,99999.00,99999.00,99999.00,99999.00
99999.00,99999.00,99999.00,99999.00,99999.00,99999.00,99999.00,99999.00,99999.00,99999.00,99999.00,99999.00,99999.00,99999.00,99999.00,99999.00,99999.00,99999.00,99999.00,99999.00,99999.00,99999.00,99999.00,99999.00,99999.00,99999.00,99999.00,99999.00,99999.00,99999.00,99999.00,99999.00,99999.00,99999.00,99999.00,99999.00,99999.00,99999.00,99999.00, 348.89, 324.10, 300.71, 278.67, 257.51, 239.82, 224.92, 211.12, 198.52, 187.90, 179.07, 171.97, 166.38, 163.80, 163.34, 164.67, 167.23, 171.46, 176.83, 182.44, 188.57, 195.07, 201.62, 208.55, 215.93, 223.63, 231.66, 239.95, 248.66, 257.52, 268.27, 279.12, 290.08, 301.15, 312.34, 323.63, 335.08, 346.77, 358.67, 370.78, 383.10, 395.65, 408.46, 421.54, 434.92, 448.65, 462.75, 477.28, 492.29, 507.86, 524.09, 541.10, 559.07, 578.24,99999.00,99999.00,99999.00,99999.00,99999.00,99999.00,99999.00,99999.00,99999.00,99999.00,99999.00,99999.00,99999.00,99999.00,99999.00,99999.00,99999.00,99999.00,99999.00,99999.00,99999.00,99999.00,99999.00,99999.00,99999.00,99999.00,99999.00,99999.00,99999.00,99999.00,99999.00,99999.00,99999.00,99999.00,99999.00,99999.00,99999.00,99999.00,99999.00
99999.00,99999.00,99999.00,99999.00,99999.00,99999.00,99999.00,99999.00,99999.00,99999.00,99999.00,99999.00,99999.00,99999.00,99999.00,99999.00,99999.00,99999.00,99999.00,99999.00,99999.00,99999.00,99999.00,99999.00,99999.00,99999.00,99999.00,99999.00,99999.00,99999.00,99999.00,99999.00,99999.00,99999.00,99999.00,99999.00,99999.00,99999.00,99999.00,99999.00,99999.00,99999.00,99999.00,99999.00,99999.00,99999.00,99999.00,99999.00, 208.73, 199.07, 191.32, 184.61, 181.00, 179.63, 180.14, 182.00, 184.86, 189.01, 194.14, 199.43, 205.37, 211.37, 217.79, 224.28, 231.25, 238.60, 246.48, 254.83, 263.59, 272.45, 281.49, 292.30, 303.19, 314.18, 325.26, 336.49, 347.93, 359.59, 371.44, 383.51, 395.81, 408.37, 421.20, 434.33, 447.80, 461.65, 475.93, 490.69, 506.01, 521.98, 538.74, 556.46, 575.38,99999.00,99999.00,99999.00,99999.00,99999.00,99999.00,99999.00,99999.00,99999.00,99999.00,99999.00,99999.00,99999.00,99999.00,99999.00,99999.00,99999.00,99999.00,99999.00,99999.00,99999.00,99999.00,99999.00,99999.00,99999.00,99999.00,99999.00,99999.00,99999.00,99999.00,99999.00,99999.00,99999.00,99999.00,99999.00,99999.00,99999.00,99999.00,99999.00
99999.00,99999.00,99999.00,99999.00,99999.00,99999.00,99999.00,99999.00,99999.00,99999.00,99999.00,99999.00,99999.00,99999.00,99999.00,99999.00,99999.00,99999.00,99999.00,99999.00,99999.00,99999.00,99999.00,99999.00,99999.00,99999.00,99999.00,99999.00,99999.00,99999.00,99999.00,99999.00,99999.00,99999.00,99999.00,99999.00,99999.00,99999.00,99999.00,99999.00,99999.00,99999.00,99999.00,99999.00,99999.00,99999.00,99999.00,99999.00,99999.00, 219.56, 210.48, 203.03, 198.31, 195.98, 195.69, 196.82, 198.95, 201.90, 206.10, 210.66, 215.84, 221.49, 227.26, 233.47, 239.63, 246.23, 253.36, 261.25, 269.66, 278.40, 287.31, 296.32, 305.53, 316.35, 327.27, 338.33, 349.58, 361.04, 372.70, 384.57, 396.67, 409.03, 421.66, 434.60, 447.87, 461.52, 475.60, 490.17, 505.29, 521.07, 537.63, 555.15, 573.88,99999.00,99999.00,99999.00,99999.00,99999.00,99999.00,99999.00,99999.00,99999.00,99999.00,99999.00,99999.00,99999.00,99999.00,99999.00,99999.00,99999.00,99999.00,99999.00,99999.00,99999.00,99999.00,99999.00,99999.00,99999.00,99999.00,99999.00,99999.00,99999.00,99999.00,99999.00,99999.00,99999.00,99999.00,99999.00,99999.00,99999.00,99999.00,99999.00
99999.00,99999.00,99999.00,99999.00,99999.00,99999.00,99999.00,99999.00,99999.00,99999.00,99999.00,99999.00,99999.00,99999.00,99999.00,99999.00,99999.00,99999.00,99999.00,99999.00,99999.00,99999.00,99999.00,99999.00,99999.00,99999.00,99999.00,99999.00,99999.00,99999.00,99999.00,99999.00,99999.00,99999.00,99999.00,99999.00,99999.00,99999.00,99999.00,99999.00,99999.00,99999.00,99999.00,99999.00,99999.00,99999.00,99999.00,99999.00,99999.00,99999.00, 229.44, 221.59, 215.70, 212.41, 211.28, 211.69, 213.17, 215.36, 218.35, 222.43, 226.77, 231.84, 237.05, 242.75, 248.58, 254.61, 260.99, 268.07, 275.97, 284.44, 293.15, 302.02, 311.07, 320.21, 329.68, 340.61, 351.71, 363.02, 374.53, 386.25, 398.21, 410.41, 422.90, 435.68, 448.81, 462.31, 476.24, 490.65, 505.62, 521.25, 537.66, 555.03, 573.61,99999.00,99999.00,99999.00,99999.00,99999.00,99999.00,99999.00,99999.00,99999.00,99999.00,99999.00,99999.00,99999.00,99999.00,99999.00,99999.00,99999.00,99999.00,99999.00,99999.00,99999.00,99999.00,99999.00,99999.00,99999.00,99999.00,99999.00,99999.00,99999.00,99999.00,99999.00,99999.00,99999.00,99999.00,99999.00,99999.00,99999.00,99999.00,99999.00
99999.00,99999.00,99999.00,99999.00,99999.00,99999.00,99999.00,99999.00,99999.00,99999.00,99999.00,99999.00,99999.00,99999.00,99999.00,99999.00,99999.00,99999.00,99999.00,99999.00,99999.00,99999.00,99999.00,99999.00,99999.00,99999.00,99999.00,99999.00,99999.00,99999.00,99999.00,99999.00,99999.00,99999.00,99999.00,99999.00,99999.00,99999.00,99999.00,99999.00,99999.00,99999.00,99999.00,99999.00,99999.00,99999.00,99999.00,99999.00,99999.00,99999.00, 248.22, 239.95, 233.12, 228.85, 226.88, 226.56, 227.40, 229.01, 231.26, 234.42, 238.04, 242.35, 247.20, 252.25, 257.80, 263.34, 269.38, 275.69, 282.72, 290.66, 299.19, 307.87, 316.69, 325.71, 335.03, 344.45, 354.27, 365.47, 376.87, 388.49, 400.33, 412.43, 424.80, 437.48, 450.50, 463.89, 477.71, 492.02, 506.88, 522.40, 538.71, 555.97, 574.44,99999.00,99999.00,99999.00,99999.00,99999.00,99999.00,99999.00,99999.00,99999.00,99999.00,99999.00,99999.00,99999.00,99999.00,99999.00,99999.00,99999.00,99999.00,99999.00,99999.00,99999.00,99999.00,99999.00,99999.00,99999.00,99999.00,99999.00,99999.00,99999.00,99999.00,99999.00,99999.00,99999.00,99999.00,99999.00,99999.00,99999.00,99999.00,99999.00
99999.00,99999.00,99999.00,99999.00,99999.00,99999.00,99999.00,99999.00,99999.00,99999.00,99999.00,99999.00,99999.00,99999.00,99999.00,99999.00,99999.00,99999.00,99999.00,99999.00,99999.00,99999.00,99999.00,99999.00,99999.00,99999.00,99999.00,99999.00,99999.00,99999.00,99999.00,99999.00,99999.00,99999.00,99999.00,99999.00,99999.00,99999.00,99999.00,99999.00,99999.00,99999.00,99999.00,99999.00,99999.00,99999.00,99999.00,99999.00,99999.00,99999.00, 266.66, 257.31, 250.50, 245.25, 242.46, 241.41, 241.61, 242.65, 244.39, 246.68, 249.82, 253.30, 257.58, 262.07, 267.11, 272.31, 277.98, 284.09, 290.34, 297.33, 305.31, 313.91, 322.56, 331.45, 340.53, 349.81, 359.47, 369.33, 379.61, 391.15, 402.93, 414.95, 427.26, 439.86, 452.81, 466.13, 479.88, 494.12, 508.91, 524.36, 540.59, 557.78, 576.18,99999.00,99999.00,99999.00,99999.00,99999.00,99999.00,99999.00,99999.00,99999.00,99999.00,99999.00,99999.00,99999.00,99999.00,99999.00,99999.00,99999.00,99999.00,99999.00,99999.00,99999.00,99999.00,99999.00,99999.00,99999.00,99999.00,99999.00,99999.00,99999.00,99999.00,99999.00,99999.00,99999.00,99999.00,99999.00,99999.00,99999.00,99999.00,99999.00
99999.00,99999.00,99999.00,99999.00,99999.00,99999.00,99999.00,99999.00,99999.00,99999.00,99999.00,99999.00,99999.00,99999.00,99999.00,99999.00,99999.00,99999.00,99999.00,99999.00,99999.00,99999.00,99999.00,99999.00,99999.00,99999.00,99999.00,99999.00,99999.00,99999.00,99999.00,99999.00,99999.00,99999.00,99999.00,99999.00,99999.00,99999.00,99999.00,99999.00,99999.00,99999.00,99999.00,99999.00,99999.00,99999.00,99999.00,99999.00,99999.00,99999.00, 284.99, 274.73, 267.69, 261.63, 258.01, 256.25, 255.81, 256.29, 257.53, 259.36, 261.84, 264.60, 268.14, 272.27, 276.65, 281.58, 286.75, 292.68, 298.76, 304.97, 311.93, 319.97, 328.62, 337.46, 346.35, 355.48, 364.90, 374.62, 384.73, 395.07, 405.86, 417.85, 430.12, 442.69, 455.60, 468.89, 482.61, 496.81, 511.57, 526.98, 543.18, 560.34, 578.70,99999.00,99999.00,99999.00,99999.00,99999.00,99999.00,99999.00,99999.00,99999.00,99999.00,99999.00,99999.00,99999.00,99999.00,99999.00,99999.00,99999.00,99999.00,99999.00,99999.00,99999.00,99999.00,99999.00,99999.00,99999.00,99999.00,99999.00,99999.00,99999.00,99999.00,99999.00,99999.00,99999.00,99999.00,99999.00,99999.00,99999.00,99999.00,99999.00
99999.00,99999.00,99999.00,99999.00,99999.00,99999.00,99999.00,99999.00,99999.00,99999.00,99999.00,99999.00,99999.00,99999.00,99999.00,99999.00,99999.00,99999.00,99999.00,99999.00,99999.00,99999.00,99999.00,99999.00,99999.00,99999.00,99999.00,99999.00,99999.00,99999.00,99999.00,99999.00,99999.00,99999.00,99999.00,99999.00,99999.00,99999.00,99999.00,99999.00,99999.00,99999.00,99999.00,99999.00,99999.00,99999.00,99999.00,99999.00,99999.00,99999.00, 302.40, 292.16, 284.17, 278.01, 273.56, 271.09, 270.03, 269.95, 270.68, 272.05, 274.12, 276.44, 279.15, 282.72, 286.55, 290.97, 295.80, 301.35, 307.37, 313.43, 319.60, 326.56, 334.74, 343.54, 352.43, 361.50, 370.73, 380.30, 390.16, 400.35, 410.98, 421.88, 433.29, 445.87, 458.78, 472.07, 485.78, 499.98, 514.74, 530.15, 546.35, 563.51, 581.87,99999.00,99999.00,99999.00,99999.00,99999.00,99999.00,99999.00,99999.00,99999.00,99999.00,99999.00,99999.00,99999.00,99999.00,99999.00,99999.00,99999.00,99999.00,99999.00,99999.00,99999.00,99999.00,99999.00,99999.00,99999.00,99999.00,99999.00,99999.00,99999.00,99999.00,99999.00,99999.00,99999.00,99999.00,99999.00,99999.00,99999.00,99999.00,99999.00
99999.00,99999.00,99999.00,99999.00,99999.00,99999.00,99999.00,99999.00,99999.00,99999.00,99999.00,99999.00,99999.00,99999.00,99999.00,99999.00,99999.00,99999.00,99999.00,99999.00,99999.00,99999.00,99999.00,99999.00,99999.00,99999.00,99999.00,99999.00,99999.00,99999.00,99999.00,99999.00,99999.00,99999.00,99999.00,99999.00,99999.00,99999.00,99999.00,99999.00,99999.00,99999.00,99999.00,99999.00,99999.00,99999.00,99999.00,99999.00,99999.00,99999.00, 319.93, 309.48, 300.68, 294.45, 289.12, 285.95, 284.26, 283.62, 283.86, 284.78, 286.44, 288.39, 290.54, 293.37, 296.85, 300.61, 305.18, 310.24, 316.08, 322.08, 328.14, 334.31, 341.40, 349.72, 358.65, 367.66, 376.89, 386.39, 396.06, 406.11, 416.49, 427.24, 438.49, 450.08, 462.24, 475.56, 489.31, 503.55, 518.34, 533.79, 550.02, 567.21, 585.61,99999.00,99999.00,99999.00,99999.00,99999.00,99999.00,99999.00,99999.00,99999.00,99999.00,99999.00,99999.00,99999.00,99999.00,99999.00,99999.00,99999.00,99999.00,99999.00,99999.00,99999.00,99999.00,99999.00,99999.00,99999.00,99999.00,99999.00,99999.00,99999.00,99999.00,99999.00,99999.00,99999.00,99999.00,99999.00,99999.00,99999.00,99999.00,99999.00
99999.00,99999.00,99999.00,99999.00,99999.00,99999.00,99999.00,99999.00,99999.00,99999.00,99999.00,99999.00,99999.00,99999.00,99999.00,99999.00,99999.00,99999.00,99999.00,99999.00,99999.00,99999.00,99999.00,99999.00,99999.00,99999.00,99999.00,99999.00,99999.00,99999.00,99999.00,99999.00,99999.00,99999.00,99999.00,99999.00,99999.00,99999.00,99999.00,99999.00,99999.00,99999.00,99999.00,99999.00,99999.00,99999.00,99999.00,99999.00,99999.00,99999.00, 337.55, 326.15, 317.24, 310.51, 304.77, 300.84, 298.53, 297.34, 297.07, 297.54, 298.79, 300.37, 302.18, 304.49, 307.42, 310.65, 314.72, 319.45, 324.92, 330.87, 336.89, 343.03, 349.27, 356.50, 364.95, 374.01, 383.23, 392.71, 402.38, 412.36, 422.55, 433.16, 444.16, 455.59, 467.60, 480.02, 493.14, 507.45, 522.31, 537.83, 554.13, 571.40, 589.87,99999.00,99999.00,99999.00,99999.00,99999.00,99999.00,99999.00,99999.00,99999.00,99999.00,99999.00,99999.00,99999.00,99999.00,99999.00,99999.00,99999.00,99999.00,99999.00,99999.00,99999.00,99999.00,99999.00,99999.00,99999.00,99999.00,99999.00,99999.00,99999.00,99999.00,99999.00,99999.00,99999.00,99999.00,99999.00,99999.00,99999.00,99999.00,99999.00
99999.00,99999.00,99999.00,99999.00,99999.00,99999.00,99999.00,99999.00,99999.00,99999.00,99999.00,99999.00,99999.00,99999.00,99999.00,99999.00,99999.00,99999.00,99999.00,99999.00,99999.00,99999.00,99999.00,99999.00,99999.00,99999.00,99999.00,99999.00,99999.00,99999.00,99999.00,99999.00,99999.00,99999.00,99999.00,99999.00,99999.00,99999.00,99999.00,99999.00,99999.00,99999.00,99999.00,99999.00,99999.00,99999.00,99999.00,99999.00,99999.00,99999.00, 355.01, 342.90, 333.93, 326.32, 320.52, 315.82, 312.84, 311.09, 310.33, 310.35, 311.20, 312.41, 313.88, 315.88, 318.22, 321.11, 324.55, 329.03, 334.03, 339.81, 345.89, 352.00, 358.19, 364.53, 371.89, 380.47, 389.73, 399.23, 408.97, 418.92, 429.11, 439.65, 450.46, 461.75, 473.51, 485.79, 498.74, 512.25, 526.62, 542.25, 558.66, 576.03, 594.61,99999.00,99999.00,99999.00,99999.00,99999.00,99999.00,99999.00,99999.00,99999.00,99999.00,99999.00,99999.00,99999.00,99999.00,99999.00,99999.00,99999.00,99999.00,99999.00,99999.00,99999.00,99999.00,99999.00,99999.00,99999.00,99999.00,99999.00,99999.00,99999.00,99999.00,99999.00,99999.00,99999.00,99999.00,99999.00,99999.00,99999.00,99999.00,99999.00
99999.00,99999.00,99999.00,99999.00,99999.00,99999.00,99999.00,99999.00,99999.00,99999.00,99999.00,99999.00,99999.00,99999.00,99999.00,99999.00,99999.00,99999.00,99999.00,99999.00,99999.00,99999.00,99999.00,99999.00,99999.00,99999.00,99999.00,99999.00,99999.00,99999.00,99999.00,99999.00,99999.00,99999.00,99999.00,99999.00,99999.00,99999.00,99999.00,99999.00,99999.00,99999.00,99999.00,99999.00,99999.00,99999.00,99999.00,99999.00,99999.00,99999.00, 371.92, 359.72, 350.25, 342.22, 336.32, 330.91, 327.25, 324.90, 323.64, 323.21, 323.66, 324.50, 325.65, 327.35, 329.41, 331.88, 334.80, 338.81, 343.51, 349.05, 355.10, 361.22, 367.43, 373.67, 380.14, 387.63, 396.41, 405.94, 415.72, 425.76, 436.03, 446.55, 457.35, 468.58, 480.14, 492.28, 504.98, 518.35, 532.56, 547.54, 563.66, 581.18, 599.90,99999.00,99999.00,99999.00,99999.00,99999.00,99999.00,99999.00,99999.00,99999.00,99999.00,99999.00,99999.00,99999.00,99999.00,99999.00,99999.00,99999.00,99999.00,99999.00,99999.00,99999.00,99999.00,99999.00,99999.00,99999.00,99999.00,99999.00,99999.00,99999.00,99999.00,99999.00,99999.00,99999.00,99999.00,99999.00,99999.00,99999.00,99999.00,99999.00
99999.00,99999.00,99999.00,99999.00,99999.00,99999.00,99999.00,99999.00,99999.00,99999.00,99999.00,99999.00,99999.00,99999.00,99999.00,99999.00,99999.00,99999.00,99999.00,99999.00,99999.00,99999.00,99999.00,99999.00,99999.00,99999.00,99999.00,99999.00,99999.00,99999.00,99999.00,99999.00,99999.00,99999.00,99999.00,99999.00,99999.00,99999.00,99999.00,99999.00,99999.00,99999.00,99999.00,99999.00,99999.00,99999.00,99999.00,99999.00,99999.00,99999.00, 388.52, 376.38, 366.14, 358.11, 351.46, 346.08, 341.74, 338.78, 336.99, 336.12, 336.16, 336.65, 337.48, 338.89, 340.68, 342.90, 345.52, 348.93, 353.49, 358.62, 364.53, 370.73, 376.92, 383.16, 389.56, 396.15, 403.85, 412.90, 422.71, 432.78, 443.15, 453.79, 464.70, 475.92, 487.48, 499.55, 512.06, 525.28, 539.24, 554.07, 570.03, 587.15, 605.97,99999.00,99999.00,99999.00,99999.00,99999.00,99999.00,99999.00,99999.00,99999.00,99999.00,99999.00,99999.00,99999.00,99999.00,99999.00,99999.00,99999.00,99999.00,99999.00,99999.00,99999.00,99999.00,99999.00,99999.00,99999.00,99999.00,99999.00,99999.00,99999.00,99999.00,99999.00,99999.00,99999.00,99999.00,99999.00,99999.00,99999.00,99999.00,99999.00
99999.00,99999.00,99999.00,99999.00,99999.00,99999.00,99999.00,99999.00,99999.00,99999.00,99999.00,99999.00,99999.00,99999.00,99999.00,99999.00,99999.00,99999.00,99999.00,99999.00,99999.00,99999.00,99999.00,99999.00,99999.00,99999.00,99999.00,99999.00,99999.00,99999.00,99999.00,99999.00,99999.00,99999.00,99999.00,99999.00,99999.00,99999.00,99999.00,99999.00,99999.00,99999.00,99999.00,99999.00,99999.00,99999.00,99999.00,99999.00,99999.00, 419.06, 404.71, 392.42, 381.95, 373.92, 366.63, 361.29, 356.30, 352.74, 350.40, 349.05, 348.70, 348.84, 349.36, 350.49, 352.04, 354.03, 356.55, 359.57, 363.76, 368.63, 374.34, 380.53, 386.76, 393.03, 399.35, 405.93, 412.73, 420.69, 430.02, 440.13, 450.54, 461.26, 472.28, 483.63, 495.33, 507.42, 519.96, 533.11, 546.88, 561.57, 577.28, 594.25, 612.91,99999.00,99999.00,99999.00,99999.00,99999.00,99999.00,99999.00,99999.00,99999.00,99999.00,99999.00,99999.00,99999.00,99999.00,99999.00,99999.00,99999.00,99999.00,99999.00,99999.00,99999.00,99999.00,99999.00,99999.00,99999.00,99999.00,99999.00,99999.00,99999.00,99999.00,99999.00,99999.00,99999.00,99999.00,99999.00,99999.00,99999.00,99999.00,99999.00
99999.00,99999.00,99999.00,99999.00,99999.00,99999.00,99999.00,99999.00,99999.00,99999.00,99999.00,99999.00,99999.00,99999.00,99999.00,99999.00,99999.00,99999.00,99999.00,99999.00,99999.00,99999.00,99999.00,99999.00,99999.00,99999.00,99999.00,99999.00,99999.00,99999.00,99999.00,99999.00,99999.00,99999.00,99999.00,99999.00,99999.00,99999.00,99999.00,99999.00,99999.00,99999.00,99999.00,99999.00,99999.00,99999.00,99999.00,99999.00, 450.50, 434.38, 420.39, 407.90, 397.64, 388.99, 381.81, 375.84, 370.89, 366.75, 363.87, 362.05, 361.27, 361.06, 361.29, 362.16, 363.49, 365.28, 367.75, 370.77, 374.42, 379.22, 384.57, 390.68, 397.02, 403.28, 409.53, 416.13, 422.95, 430.02, 438.26, 447.89, 458.33, 469.09, 480.21, 491.66, 503.48, 515.72, 528.41, 541.64, 555.49, 570.11, 585.63, 602.46, 620.87,99999.00,99999.00,99999.00,99999.00,99999.00,99999.00,99999.00,99999.00,99999.00,99999.00,99999.00,99999.00,99999.00,99999.00,99999.00,99999.00,99999.00,99999.00,99999.00,99999.00,99999.00,99999.00,99999.00,99999.00,99999.00,99999.00,99999.00,99999.00,99999.00,99999.00,99999.00,99999.00,99999.00,99999.00,99999.00,99999.00,99999.00,99999.00,99999.00
99999.00,99999.00,99999.00,99999.00,99999.00,99999.00,99999.00,99999.00,99999.00,99999.00,99999.00,99999.00,99999.00,99999.00,99999.00,99999.00,99999.00,99999.00,99999.00,99999.00,99999.00,99999.00,99999.00,99999.00,99999.00,99999.00,99999.00,99999.00,99999.00,99999.00,99999.00,99999.00,99999.00,99999.00,99999.00,99999.00,99999.00,99999.00,99999.00, 679.42, 651.40, 624.58, 598.71, 573.63, 549.21, 525.35, 501.95, 482.11, 464.74, 449.35, 435.43, 423.30, 413.21, 404.03, 396.97, 390.40, 385.42, 380.79, 377.40, 375.10, 373.92, 373.34, 373.25, 373.89, 375.01, 376.67, 379.16, 382.30, 385.66, 390.17, 395.36, 401.33, 407.72, 414.04, 420.32, 426.79, 433.72, 440.81, 448.15, 456.70, 466.66, 477.45, 488.61, 500.15, 512.08, 524.44, 537.27, 550.65, 564.67, 579.45, 595.13, 611.89, 630.11,99999.00,99999.00,99999.00,99999.00,99999.00,99999.00,99999.00,99999.00,99999.00,99999.00,99999.00,99999.00,99999.00,99999.00,99999.00,99999.00,99999.00,99999.00,99999.00,99999.00,99999.00,99999.00,99999.00,99999.00,99999.00,99999.00,99999.00,99999.00,99999.00,99999.00,99999.00,99999.00,99999.00,99999.00,99999.00,99999.00,99999.00,99999.00,99999.00
99999.00,99999.00,99999.00,99999.00,99999.00,99999.00,99999.00,99999.00,99999.00,99999.00,99999.00,99999.00,99999.00,99999.00,99999.00,99999.00,99999.00,99999.00,99999.00,99999.00,99999.00,99999.00,99999.00,99999.00,99999.00,99999.00,99999.00,99999.00,99999.00,99999.00,99999.00,99999.00,99999.00,99999.00,99999.00,99999.00,99999.00,99999.00,99999.00, 680.15, 652.86, 626.79, 601.67, 577.33, 553.65, 532.83, 513.65, 495.49, 479.05, 463.91, 450.50, 438.65, 428.07, 419.08, 411.44, 404.96, 399.42, 394.84, 390.94, 388.20, 386.62, 385.70, 385.30, 385.69, 386.67, 388.24, 390.77, 394.08, 397.53, 401.61, 406.84, 412.58, 418.96, 425.45, 431.72, 438.07, 445.07, 452.29, 459.65, 467.30, 476.17, 486.49, 497.68, 509.26, 521.28, 533.75, 546.70, 560.23, 574.40, 589.35, 605.23, 622.26, 640.73,99999.00,99999.00,99999.00,99999.00,99999.00,99999.00,99999.00,99999.00,99999.00,99999.00,99999.00,99999.00,99999.00,99999.00,99999.00,99999.00,99999.00,99999.00,99999.00,99999.00,99999.00,99999.00,99999.00,99999.00,99999.00,99999.00,99999.00,99999.00,99999.00,99999.00,99999.00,99999.00,99999.00,99999.00,99999.00,99999.00,99999.00,99999.00,99999.00
99999.00,99999.00,99999.00,99999.00,99999.00,99999.00,99999.00,99999.00,99999.00,99999.00,99999.00,99999.00,99999.00,99999.00,99999.00,99999.00,99999.00,99999.00,99999.00,99999.00,99999.00,99999.00,99999.00,99999.00,99999.00,99999.00,99999.00,99999.00,99999.00,99999.00,99999.00,99999.00,99999.00,99999.00,99999.00,99999.00,99999.00,99999.00,99999.00, 684.96, 657.98, 632.21, 607.39, 585.10, 564.67, 545.33, 526.64, 509.44, 493.31, 478.76, 465.68, 453.87, 442.95, 434.11, 425.90, 419.41, 413.42, 408.80, 404.50, 401.32, 399.36, 398.11, 397.47, 397.67, 398.51, 399.99, 402.58, 406.08, 409.78, 413.75, 418.86, 424.59, 430.99, 437.59, 443.93, 450.30, 457.17, 464.52, 472.04, 479.71, 487.69, 496.92, 507.63, 519.24, 531.30, 543.86, 556.93, 570.57, 584.88, 599.98, 616.04, 633.28, 652.02,99999.00,99999.00,99999.00,99999.00,99999.00,99999.00,99999.00,99999.00,99999.00,99999.00,99999.00,99999.00,99999.00,99999.00,99999.00,99999.00,99999.00,99999.00,99999.00,99999.00,99999.00,99999.00,99999.00,99999.00,99999.00,99999.00,99999.00,99999.00,99999.00,99999.00,99999.00,99999.00,99999.00,99999.00,99999.00,99999.00,99999.00,99999.00,99999.00
99999.00,99999.00,99999.00,99999.00,99999.00,99999.00,99999.00,99999.00,99999.00,99999.00,99999.00,99999.00,99999.00,99999.00,99999.00,99999.00,99999.00,99999.00,99999.00,99999.00,99999.00,99999.00,99999.00,99999.00,99999.00,99999.00,99999.00,99999.00,99999.00,99999.00,99999.00,99999.00,99999.00,99999.00,99999.00,99999.00,99999.00,99999.00,99999.00, 692.30, 665.22, 640.79, 618.62, 597.80, 577.73, 558.47, 540.74, 523.82, 508.22, 493.95, 480.87, 468.69, 457.88, 448.46, 440.34, 433.32, 427.38, 422.29, 418.04, 414.44, 412.13, 410.61, 409.76, 409.81, 410.54, 411.98, 414.67, 418.36, 422.35, 426.61, 431.55, 437.59, 443.97, 450.71, 457.22, 463.59, 470.33, 477.75, 485.41, 493.25, 501.29, 509.63, 519.24, 530.38, 542.48, 555.07, 568.23, 581.99, 596.42, 611.66, 627.87, 645.28, 664.22,99999.00,99999.00,99999.00,99999.00,99999.00,99999.00,99999.00,99999.00,99999.00,99999.00,99999.00,99999.00,99999.00,99999.00,99999.00,99999.00,99999.00,99999.00,99999.00,99999.00,99999.00,99999.00,99999.00,99999.00,99999.00,99999.00,99999.00,99999.00,99999.00,99999.00,99999.00,99999.00,99999.00,99999.00,99999.00,99999.00,99999.00,99999.00,99999.00
99999.00,99999.00,99999.00,99999.00,99999.00,99999.00,99999.00,99999.00,99999.00,99999.00,99999.00,99999.00,99999.00,99999.00,99999.00,99999.00,99999.00,99999.00,99999.00,99999.00,99999.00,99999.00,99999.00,99999.00,99999.00,99999.00,99999.00,99999.00,99999.00,99999.00,99999.00,99999.00,99999.00,99999.00,99999.00,99999.00,99999.00,99999.00,99999.00, 702.51, 677.64, 654.59, 632.67, 611.66, 591.63, 573.34, 555.88, 539.36, 523.86, 509.40, 495.81, 483.65, 472.86, 462.81, 454.66, 447.17, 441.22, 435.73, 431.55, 427.59, 424.97, 423.20, 422.16, 422.07, 422.74, 424.17, 427.02, 430.94, 435.33, 440.09, 445.22, 451.51, 458.25, 465.24, 471.91, 478.39, 485.12, 492.41, 500.20, 508.20, 516.39, 524.85, 533.57, 543.62, 555.24, 567.87, 581.06, 594.91, 609.45, 624.81, 641.16, 658.73, 677.84,99999.00,99999.00,99999.00,99999.00,99999.00,99999.00,99999.00,99999.00,99999.00,99999.00,99999.00,99999.00,99999.00,99999.00,99999.00,99999.00,99999.00,99999.00,99999.00,99999.00,99999.00,99999.00,99999.00,99999.00,99999.00,99999.00,99999.00,99999.00,99999.00,99999.00,99999.00,99999.00,99999.00,99999.00,99999.00,99999.00,99999.00,99999.00,99999.00
99999.00,99999.00,99999.00,99999.00,99999.00,99999.00,99999.00,99999.00,99999.00,99999.00,99999.00,99999.00,99999.00,99999.00,99999.00,99999.00,99999.00,99999.00,99999.00,99999.00,99999.00,99999.00,99999.00,99999.00,99999.00,99999.00,99999.00,99999.00,99999.00,99999.00,99999.00,99999.00,99999.00,99999.00,99999.00,99999.00,99999.00,99999.00,99999.00,99999.00,99999.00,99999.00,99999.00,99999.00,99999.00,99999.00,99999.00,99999.00, 540.15, 524.82, 511.00, 498.69, 487.15, 477.12, 468.39, 460.96, 454.59, 449.23, 444.69, 440.75, 437.84, 435.83, 434.62, 434.43, 435.06, 436.53, 439.61, 443.73, 448.58, 453.99, 459.92, 466.70,99999.00,99999.00,99999.00,99999.00,99999.00,99999.00,99999.00,99999.00,99999.00,99999.00,99999.00,99999.00,99999.00,99999.00,99999.00,99999.00,99999.00,99999.00,99999.00,99999.00,99999.00,99999.00,99999.00,99999.00,99999.00,99999.00,99999.00,99999.00,99999.00,99999.00,99999.00,99999.00,99999.00,99999.00,99999.00,99999.00,99999.00,99999.00,99999.00,99999.00,99999.00,99999.00,99999.00,99999.00,99999.00,99999.00,99999.00,99999.00,99999.00,99999.00,99999.00,99999.00,99999.00,99999.00,99999.00,99999.00,99999.00,99999.00,99999.00,99999.00
99999.00,99999.00,99999.00,99999.00,99999.00,99999.00,99999.00,99999.00,99999.00,99999.00,99999.00,99999.00,99999.00,99999.00,99999.00,99999.00,99999.00,99999.00,99999.00,99999.00,99999.00,99999.00,99999.00,99999.00,99999.00,99999.00,99999.00,99999.00,99999.00,99999.00,99999.00,99999.00,99999.00,99999.00,99999.00,99999.00,99999.00,99999.00,99999.00,99999.00,99999.00,99999.00,99999.00,99999.00,99999.00,99999.00,99999.00,99999.00,99999.00, 540.64, 526.30, 513.04, 501.44, 491.33, 482.14, 474.71, 467.95, 462.67, 457.78, 453.91, 450.71, 448.49, 447.12, 446.85, 447.48, 449.03, 452.38, 456.68, 462.03, 468.26, 475.35,99999.00,99999.00,99999.00,99999.00,99999.00,99999.00,99999.00,99999.00,99999.00,99999.00,99999.00,99999.00,99999.00,99999.00,99999.00,99999.00,99999.00,99999.00,99999.00,99999.00,99999.00,99999.00,99999.00,99999.00,99999.00,99999.00,99999.00,99999.00,99999.00,99999.00,99999.00,99999.00,99999.00,99999.00,99999.00,99999.00,99999.00,99999.00,99999.00,99999.00,99999.00,99999.00,99999.00,99999.00,99999.00,99999.00,99999.00,99999.00,99999.00,99999.00,99999.00,99999.00,99999.00,99999.00,99999.00,99999.00,99999.00,99999.00,99999.00,99999.00,99999.00
99999.00,99999.00,99999.00,99999.00,99999.00,99999.00,99999.00,99999.00,99999.00,99999.00,99999.00,99999.00,99999.00,99999.00,99999.00,99999.00,99999.00,99999.00,99999.00,99999.00,99999.00,99999.00,99999.00,99999.00,99999.00,99999.00,99999.00,99999.00,99999.00,99999.00,99999.00,99999.00,99999.00,99999.00,99999.00,99999.00,99999.00,99999.00,99999.00,99999.00,99999.00,99999.00,99999.00,99999.00,99999.00,99999.00,99999.00,99999.00,99999.00,99999.00, 540.92, 527.41, 515.71, 504.93, 495.76, 487.91, 481.29, 475.67, 470.82, 467.02, 463.55, 461.12, 459.62, 459.29, 459.93, 461.60, 465.27, 469.68, 475.47, 482.56,99999.00,99999.00,99999.00,99999.00,99999.00,99999.00,99999.00,99999.00,99999.00,99999.00,99999.00,99999.00,99999.00,99999.00,99999.00,99999.00,99999.00,99999.00,99999.00,99999.00,99999.00,99999.00,99999.00,99999.00,99999.00,99999.00,99999.00,99999.00,99999.00,99999.00,99999.00,99999.00,99999.00,99999.00,99999.00,99999.00,99999.00,99999.00,99999.00,99999.00,99999.00,99999.00,99999.00,99999.00,99999.00,99999.00,99999.00,99999.00,99999.00,99999.00,99999.00,99999.00,99999.00,99999.00,99999.00,99999.00,99999.00,99999.00,99999.00,99999.00,99999.00,99999.00
99999.00,99999.00,99999.00,99999.00,99999.00,99999.00,99999.00,99999.00,99999.00,99999.00,99999.00,99999.00,99999.00,99999.00,99999.00,99999.00,99999.00,99999.00,99999.00,99999.00,99999.00,99999.00,99999.00,99999.00,99999.00,99999.00,99999.00,99999.00,99999.00,99999.00,99999.00,99999.00,99999.00,99999.00,99999.00,99999.00,99999.00,99999.00,99999.00,99999.00,99999.00,99999.00,99999.00,99999.00,99999.00,99999.00,99999.00,99999.00,99999.00,99999.00, 555.32, 541.57, 529.18, 518.40, 509.23, 501.00, 494.48, 488.53, 483.77, 479.84, 476.31, 473.70, 472.08, 471.70, 472.38, 474.17, 477.93, 482.62, 488.73, 496.58,99999.00,99999.00,99999.00,99999.00,99999.00,99999.00,99999.00,99999.00,99999.00,99999.00,99999.00,99999.00,99999.00,99999.00,99999.00,99999.00,99999.00,99999.00,99999.00,99999.00,99999.00,99999.00,99999.00,99999.00,99999.00,99999.00,99999.00,99999.00,99999.00,99999.00,99999.00,99999.00,99999.00,99999.00,99999.00,99999.00,99999.00,99999.00,99999.00,99999.00,99999.00,99999.00,99999.00,99999.00,99999.00,99999.00,99999.00,99999.00,99999.00,99999.00,99999.00,99999.00,99999.00,99999.00,99999.00,99999.00,99999.00,99999.00,99999.00,99999.00,99999.00,99999.00
99999.00,99999.00,99999.00,99999.00,99999.00,99999.00,99999.00,99999.00,99999.00,99999.00,99999.00,99999.00,99999.00,99999.00,99999.00,99999.00,99999.00,99999.00,99999.00,99999.00,99999.00,99999.00,99999.00,99999.00,99999.00,99999.00,99999.00,99999.00,99999.00,99999.00,99999.00,99999.00,99999.00,99999.00,99999.00,99999.00,99999.00,99999.00,99999.00,99999.00,99999.00,99999.00,99999.00,99999.00,99999.00,99999.00,99999.00,99999.00,99999.00,99999.00, 569.18, 554.74, 542.36, 531.59, 522.04, 513.98, 507.14, 501.26, 496.60, 492.42, 488.98, 486.18, 484.45, 484.03, 484.75, 486.69, 490.39, 495.42, 501.67, 510.00,99999.00,99999.00,99999.00,99999.00,99999.00,99999.00,99999.00,99999.00,99999.00,99999.00,99999.00,99999.00,99999.00,99999.00,99999.00,99999.00,99999.00,99999.00,99999.00,99999.00,99999.00,99999.00,99999.00,99999.00,99999.00,99999.00,99999.00,99999.00,99999.00,99999.00,99999.00,99999.00,99999.00,99999.00,99999.00,99999.00,99999.00,99999.00,99999.00,99999.00,99999.00,99999.00,99999.00,99999.00,99999.00,99999.00,99999.00,99999.00,99999.00,99999.00,99999.00,99999.00,99999.00,99999.00,99999.00,99999.00,99999.00,99999.00,99999.00,99999.00,99999.00,99999.00
99999.00,99999.00,99999.00,99999.00,99999.00,99999.00,99999.00,99999.00,99999.00,99999.00,99999.00,99999.00,99999.00,99999.00,99999.00,99999.00,99999.00,99999.00,99999.00,99999.00,99999.00,99999.00,99999.00,99999.00,99999.00,99999.00,99999.00,99999.00,99999.00,99999.00,99999.00,99999.00,99999.00,99999.00,99999.00,99999.00,99999.00,99999.00,99999.00,99999.00,99999.00,99999.00,99999.00,99999.00,99999.00,99999.00,99999.00,99999.00,99999.00,99999.00, 582.02, 567.61, 555.26, 544.43, 534.73, 526.80, 519.66, 513.90, 509.14, 504.93, 501.54, 498.57, 496.73, 496.28, 497.06, 499.14, 502.82, 507.95, 514.49, 523.15,99999.00,99999.00,99999.00,99999.00,99999.00,99999.00,99999.00,99999.00,99999.00,99999.00,99999.00,99999.00,99999.00,99999.00,99999.00,99999.00,99999.00,99999.00,99999.00,99999.00,99999.00,99999.00,99999.00,99999.00,99999.00,99999.00,99999.00,99999.00,99999.00,99999.00,99999.00,99999.00,99999.00,99999.00,99999.00,99999.00,99999.00,99999.00,99999.00,99999.00,99999.00,99999.00,99999.00,99999.00,99999.00,99999.00,99999.00,99999.00,99999.00,99999.00,99999.00,99999.00,99999.00,99999.00,99999.00,99999.00,99999.00,99999.00,99999.00,99999.00,99999.00,99999.00
99999.00,99999.00,99999.00,99999.00,99999.00,99999.00,99999.00,99999.00,99999.00,99999.00,99999.00,99999.00,99999.00,99999.00,99999.00,99999.00,99999.00,99999.00,99999.00,99999.00,99999.00,99999.00,99999.00,99999.00,99999.00,99999.00,99999.00,99999.00,99999.00,99999.00,99999.00,99999.00,99999.00,99999.00,99999.00,99999.00,99999.00,99999.00,99999.00,99999.00,99999.00,99999.00,99999.00,99999.00,99999.00,99999.00,99999.00,99999.00,99999.00,99999.00, 594.59, 580.23, 567.83, 556.87, 547.33, 539.11, 532.08, 526.44, 521.45, 517.35, 514.00, 510.86, 508.93, 508.45, 509.29, 511.52, 515.20, 520.28, 527.17, 535.98,99999.00,99999.00,99999.00,99999.00,99999.00,99999.00,99999.00,99999.00,99999.00,99999.00,99999.00,99999.00,99999.00,99999.00,99999.00,99999.00,99999.00,99999.00,99999.00,99999.00,99999.00,99999.00,99999.00,99999.00,99999.00,99999.00,99999.00,99999.00,99999.00,99999.00,99999.00,99999.00,99999.00,99999.00,99999.00,99999.00,99999.00,99999.00,99999.00,99999.00,99999.00,99999.00,99999.00,99999.00,99999.00,99999.00,99999.00,99999.00,99999.00,99999.00,99999.00,99999.00,99999.00,99999.00,99999.00,99999.00,99999.00,99999.00,99999.00,99999.00,99999.00,99999.00
99999.00,99999.00,99999.00,99999.00,99999.00,99999.00,99999.00,99999.00,99999.00,99999.00,99999.00,99999.00,99999.00,99999.00,99999.00,99999.00,99999.00,99999.00,99999.00,99999.00,99999.00,99999.00,99999.00,99999.00,99999.00,99999.00,99999.00,99999.00,99999.00,99999.00,99999.00,99999.00,99999.00,99999.00,99999.00,99999.00,99999.00,99999.00,99999.00,99999.00,99999.00,99999.00,99999.00,99999.00,99999.00,99999.00,99999.00,99999.00,99999.00,99999.00, 606.94, 592.54, 580.02, 569.24, 559.81, 551.31, 544.41, 538.69, 533.70, 529.67, 526.20, 523.06, 521.04, 520.55, 521.44, 523.83, 527.51, 532.59, 539.58, 548.69,99999.00,99999.00,99999.00,99999.00,99999.00,99999.00,99999.00,99999.00,99999.00,99999.00,99999.00,99999.00,99999.00,99999.00,99999.00,99999.00,99999.00,99999.00,99999.00,99999.00,99999.00,99999.00,99999.00,99999.00,99999.00,99999.00,99999.00,99999.00,99999.00,99999.00,99999.00,99999.00,99999.00,99999.00,99999.00,99999.00,99999.00,99999.00,99999.00,99999.00,99999.00,99999.00,99999.00,99999.00,99999.00,99999.00,99999.00,99999.00,99999.00,99999.00,99999.00,99999.00,99999.00,99999.00,99999.00,99999.00,99999.00,99999.00,99999.00,99999.00,99999.00,99999.00
99999.00,99999.00,99999.00,99999.00,99999.00,99999.00,99999.00,99999.00,99999.00,99999.00,99999.00,99999.00,99999.00,99999.00,99999.00,99999.00,99999.00,99999.00,99999.00,99999.00,99999.00,99999.00,99999.00,99999.00,99999.00,99999.00,99999.00,99999.00,99999.00,99999.00,99999.00,99999.00,99999.00,99999.00,99999.00,99999.00,99999.00,99999.00,99999.00,99999.00,99999.00,99999.00,99999.00,99999.00,99999.00,99999.00,99999.00,99999.00,99999.00,99999.00, 618.99, 604.48, 592.16, 581.49, 571.79, 563.42, 556.66, 550.73, 545.86, 541.89, 538.27, 535.17, 533.06, 532.56, 533.52, 536.08, 539.75, 544.83, 551.79, 561.14,99999.00,99999.00,99999.00,99999.00,99999.00,99999.00,99999.00,99999.00,99999.00,99999.00,99999.00,99999.00,99999.00,99999.00,99999.00,99999.00,99999.00,99999.00,99999.00,99999.00,99999.00,99999.00,99999.00,99999.00,99999.00,99999.00,99999.00,99999.00,99999.00,99999.00,99999.00,99999.00,99999.00,99999.00,99999.00,99999.00,99999.00,99999.00,99999.00,99999.00,99999.00,99999.00,99999.00,99999.00,99999.00,99999.00,99999.00,99999.00,99999.00,99999.00,99999.00,99999.00,99999.00,99999.00,99999.00,99999.00,99999.00,99999.00,99999.00,99999.00,99999.00,99999.00
99999.00,99999.00,99999.00,99999.00,99999.00,99999.00,99999.00,99999.00,99999.00,99999.00,99999.00,99999.00,99999.00,99999.00,99999.00,99999.00,99999.00,99999.00,99999.00,99999.00,99999.00,99999.00,99999.00,99999.00,99999.00,99999.00,99999.00,99999.00,99999.00,99999.00,99999.00,99999.00,99999.00,99999.00,99999.00,99999.00,99999.00,99999.00,99999.00,99999.00,99999.00,99999.00,99999.00,99999.00,99999.00,99999.00,99999.00,99999.00,99999.00,99999.00, 630.70, 616.39, 604.19, 593.26, 583.68, 575.46, 568.63, 562.72, 557.93, 553.86, 550.26, 547.19, 545.00, 544.49, 545.53, 548.26, 551.92, 557.01, 563.97, 573.27,99999.00,99999.00,99999.00,99999.00,99999.00,99999.00,99999.00,99999.00,99999.00,99999.00,99999.00,99999.00,99999.00,99999.00,99999.00,99999.00,99999.00,99999.00,99999.00,99999.00,99999.00,99999.00,99999.00,99999.00,99999.00,99999.00,99999.00,99999.00,99999.00,99999.00,99999.00,99999.00,99999.00,99999.00,99999.00,99999.00,99999.00,99999.00,99999.00,99999.00,99999.00,99999.00,99999.00,99999.00,99999.00,99999.00,99999.00,99999.00,99999.00,99999.00,99999.00,99999.00,99999.00,99999.00,99999.00,99999.00,99999.00,99999.00,99999.00,99999.00,99999.00,99999.00
99999.00,99999.00,99999.00,99999.00,99999.00,99999.00,99999.00,99999.00,99999.00,99999.00,99999.00,99999.00,99999.00,99999.00,99999.00,99999.00,99999.00,99999.00,99999.00,99999.00,99999.00,99999.00,99999.00,99999.00,99999.00,99999.00,99999.00,99999.00,99999.00,99999.00,99999.00,99999.00,99999.00,99999.00,99999.00,99999.00,99999.00,99999.00,99999.00,99999.00,99999.00,99999.00,99999.00,99999.00,99999.00,99999.00,99999.00,99999.00,99999.00,99999.00, 642.39, 628.21, 615.76, 604.96, 595.48, 587.42, 580.41, 574.63, 569.92, 565.71, 562.16, 559.12, 556.86, 556.35, 557.47, 560.37, 564.02, 569.11, 576.09, 585.44,99999.00,99999.00,99999.00,99999.00,99999.00,99999.00,99999.00,99999.00,99999.00,99999.00,99999.00,99999.00,99999.00,99999.00,99999.00,99999.00,99999.00,99999.00,99999.00,99999.00,99999.00,99999.00,99999.00,99999.00,99999.00,99999.00,99999.00,99999.00,99999.00,99999.00,99999.00,99999.00,99999.00,99999.00,99999.00,99999.00,99999.00,99999.00,99999.00,99999.00,99999.00,99999.00,99999.00,99999.00,99999.00,99999.00,99999.00,99999.00,99999.00,99999.00,99999.00,99999.00,99999.00,99999.00,99999.00,99999.00,99999.00,99999.00,99999.00,99999.00,99999.00,99999.00
99999.00,99999.00,99999.00,99999.00,99999.00,99999.00,99999.00,99999.00,99999.00,99999.00,99999.00,99999.00,99999.00,99999.00,99999.00,99999.00,99999.00,99999.00,99999.00,99999.00,99999.00,99999.00,99999.00,99999.00,99999.00,99999.00,99999.00,99999.00,99999.00,99999.00,99999.00,99999.00,99999.00,99999.00,99999.00,99999.00,99999.00,99999.00,99999.00,99999.00,99999.00,99999.00,99999.00,99999.00,99999.00,99999.00,99999.00,99999.00,99999.00,99999.00, 654.01, 639.58, 627.26, 616.58, 607.25, 599.13, 592.14, 586.46, 581.66, 577.48, 573.98, 570.97, 568.64, 568.13, 569.33, 572.41, 576.06, 581.15, 588.22, 597.56,99999.00,99999.00,99999.00,99999.00,99999.00,99999.00,99999.00,99999.00,99999.00,99999.00,99999.00,99999.00,99999.00,99999.00,99999.00,99999.00,99999.00,99999.00,99999.00,99999.00,99999.00,99999.00,99999.00,99999.00,99999.00,99999.00,99999.00,99999.00,99999.00,99999.00,99999.00,99999.00,99999.00,99999.00,99999.00,99999.00,99999.00,99999.00,99999.00,99999.00,99999.00,99999.00,99999.00,99999.00,99999.00,99999.00,99999.00,99999.00,99999.00,99999.00,99999.00,99999.00,99999.00,99999.00,99999.00,99999.00,99999.00,99999.00,99999.00,99999.00,99999.00,99999.00
99999.00,99999.00,99999.00,99999.00,99999.00,99999.00,99999.00,99999.00,99999.00,99999.00,99999.00,99999.00,99999.00,99999.00,99999.00,99999.00,99999.00,99999.00,99999.00,99999.00,99999.00,99999.00,99999.00,99999.00,99999.00,99999.00,99999.00,99999.00,99999.00,99999.00,99999.00,99999.00,99999.00,99999.00,99999.00,99999.00,99999.00,99999.00,99999.00,99999.00,99999.00,99999.00,99999.00,99999.00,99999.00,99999.00,99999.00,99999.00,99999.00,99999.00, 665.19, 650.90, 638.71, 628.17, 618.95, 610.65, 603.81, 598.22, 593.30, 589.18, 585.71, 582.73, 580.34, 579.84, 581.13, 584.25, 588.03, 593.20, 600.33, 609.69,99999.00,99999.00,99999.00,99999.00,99999.00,99999.00,99999.00,99999.00,99999.00,99999.00,99999.00,99999.00,99999.00,99999.00,99999.00,99999.00,99999.00,99999.00,99999.00,99999.00,99999.00,99999.00,99999.00,99999.00,99999.00,99999.00,99999.00,99999.00,99999.00,99999.00,99999.00,99999.00,99999.00,99999.00,99999.00,99999.00,99999.00,99999.00,99999.00,99999.00,99999.00,99999.00,99999.00,99999.00,99999.00,99999.00,99999.00,99999.00,99999.00,99999.00,99999.00,99999.00,99999.00,99999.00,99999.00,99999.00,99999.00,99999.00,99999.00,99999.00,99999.00,99999.00
99999.00,99999.00,99999.00,99999.00,99999.00,99999.00,99999.00,99999.00,99999.00,99999.00,99999.00,99999.00,99999.00,99999.00,99999.00,99999.00,99999.00,99999.00,99999.00,99999.00,99999.00,99999.00,99999.00,99999.00,99999.00,99999.00,99999.00,99999.00,99999.00,99999.00,99999.00,99999.00,99999.00,99999.00,99999.00,99999.00,99999.00,99999.00,99999.00,99999.00,99999.00,99999.00,99999.00,99999.00,99999.00,99999.00,99999.00,99999.00,99999.00,99999.00, 676.33, 662.17, 650.13, 639.70, 630.41, 622.15, 615.42, 609.75, 604.86, 600.79, 597.37, 594.42, 591.97, 591.48, 592.86, 595.97, 600.02, 605.24, 612.37, 621.80,99999.00,99999.00,99999.00,99999.00,99999.00,99999.00,99999.00,99999.00,99999.00,99999.00,99999.00,99999.00,99999.00,99999.00,99999.00,99999.00,99999.00,99999.00,99999.00,99999.00,99999.00,99999.00,99999.00,99999.00,99999.00,99999.00,99999.00,99999.00,99999.00,99999.00,99999.00,99999.00,99999.00,99999.00,99999.00,99999.00,99999.00,99999.00,99999.00,99999.00,99999.00,99999.00,99999.00,99999.00,99999.00,99999.00,99999.00,99999.00,99999.00,99999.00,99999.00,99999.00,99999.00,99999.00,99999.00,99999.00,99999.00,99999.00,99999.00,99999.00,99999.00,99999.00
99999.00,99999.00,99999.00,99999.00,99999.00,99999.00,99999.00,99999.00,99999.00,99999.00,99999.00,99999.00,99999.00,99999.00,99999.00,99999.00,99999.00,99999.00,99999.00,99999.00,99999.00,99999.00,99999.00,99999.00,99999.00,99999.00,99999.00,99999.00,99999.00,99999.00,99999.00,99999.00,99999.00,99999.00,99999.00,99999.00,99999.00,99999.00,99999.00,99999.00,99999.00,99999.00,99999.00,99999.00,99999.00,99999.00,99999.00,99999.00,99999.00,99999.00, 687.43, 673.43, 661.50, 651.01, 641.70, 633.59, 626.95, 621.17, 616.35, 612.34, 608.95, 606.02, 603.52, 603.05, 604.52, 607.73, 611.86, 617.21, 624.42, 633.84,99999.00,99999.00,99999.00,99999.00,99999.00,99999.00,99999.00,99999.00,99999.00,99999.00,99999.00,99999.00,99999.00,99999.00,99999.00,99999.00,99999.00,99999.00,99999.00,99999.00,99999.00,99999.00,99999.00,99999.00,99999.00,99999.00,99999.00,99999.00,99999.00,99999.00,99999.00,99999.00,99999.00,99999.00,99999.00,99999.00,99999.00,99999.00,99999.00,99999.00,99999.00,99999.00,99999.00,99999.00,99999.00,99999.00,99999.00,99999.00,99999.00,99999.00,99999.00,99999.00,99999.00,99999.00,99999.00,99999.00,99999.00,99999.00,99999.00,99999.00,99999.00,99999.00
99999.00,99999.00,99999.00,99999.00,99999.00,99999.00,99999.00,99999.00,99999.00,99999.00,99999.00,99999.00,99999.00,99999.00,99999.00,99999.00,99999.00,99999.00,99999.00,99999.00,99999.00,99999.00,99999.00,99999.00,99999.00,99999.00,99999.00,99999.00,99999.00,99999.00,99999.00,99999.00,99999.00,99999.00,99999.00,99999.00,99999.00,99999.00,99999.00,99999.00,99999.00,99999.00,99999.00,99999.00,99999.00,99999.00,99999.00,99999.00,99999.00,99999.00, 698.53, 684.65, 672.66, 662.15, 652.96, 644.98, 638.27, 632.53, 627.78, 623.81, 620.46, 617.55, 615.00, 614.55, 616.17, 619.45, 623.58, 629.20, 636.46, 645.89,99999.00,99999.00,99999.00,99999.00,99999.00,99999.00,99999.00,99999.00,99999.00,99999.00,99999.00,99999.00,99999.00,99999.00,99999.00,99999.00,99999.00,99999.00,99999.00,99999.00,99999.00,99999.00,99999.00,99999.00,99999.00,99999.00,99999.00,99999.00,99999.00,99999.00,99999.00,99999.00,99999.00,99999.00,99999.00,99999.00,99999.00,99999.00,99999.00,99999.00,99999.00,99999.00,99999.00,99999.00,99999.00,99999.00,99999.00,99999.00,99999.00,99999.00,99999.00,99999.00,99999.00,99999.00,99999.00,99999.00,99999.00,99999.00,99999.00,99999.00,99999.00,99999.00
99999.00,99999.00,99999.00,99999.00,99999.00,99999.00,99999.00,99999.00,99999.00,99999.00,99999.00,99999.00,99999.00,99999.00,99999.00,99999.00,99999.00,99999.00,99999.00,99999.00,99999.00,99999.00,99999.00,99999.00,99999.00,99999.00,99999.00,99999.00,99999.00,99999.00,99999.00,99999.00,99999.00,99999.00,99999.00,99999.00,99999.00,99999.00,99999.00,99999.00,99999.00,99999.00,99999.00,99999.00,99999.00,99999.00,99999.00,99999.00,99999.00,99999.00, 709.55, 695.63, 683.64, 673.27, 664.17, 656.29, 649.48, 643.82, 639.13, 635.21, 631.89, 629.01, 626.44, 626.06, 627.83, 631.11, 635.33, 641.04, 648.43, 657.93,99999.00,99999.00,99999.00,99999.00,99999.00,99999.00,99999.00,99999.00,99999.00,99999.00,99999.00,99999.00,99999.00,99999.00,99999.00,99999.00,99999.00,99999.00,99999.00,99999.00,99999.00,99999.00,99999.00,99999.00,99999.00,99999.00,99999.00,99999.00,99999.00,99999.00,99999.00,99999.00,99999.00,99999.00,99999.00,99999.00,99999.00,99999.00,99999.00,99999.00,99999.00,99999.00,99999.00,99999.00,99999.00,99999.00,99999.00,99999.00,99999.00,99999.00,99999.00,99999.00,99999.00,99999.00,99999.00,99999.00,99999.00,99999.00,99999.00,99999.00,99999.00,99999.00
99999.00,99999.00,99999.00,99999.00,99999.00,99999.00,99999.00,99999.00,99999.00,99999.00,99999.00,99999.00,99999.00,99999.00,99999.00,99999.00,99999.00,99999.00,99999.00,99999.00,99999.00,99999.00,99999.00,99999.00,99999.00,99999.00,99999.00,99999.00,99999.00,99999.00,99999.00,99999.00,99999.00,99999.00,99999.00,99999.00,99999.00,99999.00,99999.00,99999.00,99999.00,99999.00,99999.00,99999.00,99999.00,99999.00,99999.00,99999.00,99999.00,99999.00, 719.97, 706.21, 694.44, 684.22, 675.21, 667.30, 660.57, 654.99, 650.37, 646.50, 643.25, 640.43, 637.86, 637.55, 639.47, 642.75, 647.05, 652.75, 660.40, 669.89,99999.00,99999.00,99999.00,99999.00,99999.00,99999.00,99999.00,99999.00,99999.00,99999.00,99999.00,99999.00,99999.00,99999.00,99999.00,99999.00,99999.00,99999.00,99999.00,99999.00,99999.00,99999.00,99999.00,99999.00,99999.00,99999.00,99999.00,99999.00,99999.00,99999.00,99999.00,99999.00,99999.00,99999.00,99999.00,99999.00,99999.00,99999.00,99999.00,99999.00,99999.00,99999.00,99999.00,99999.00,99999.00,99999.00,99999.00,99999.00,99999.00,99999.00,99999.00,99999.00,99999.00,99999.00,99999.00,99999.00,99999.00,99999.00,99999.00,99999.00,99999.00,99999.00
99999.00,99999.00,99999.00,99999.00,99999.00,99999.00,99999.00,99999.00,99999.00,99999.00,99999.00,99999.00,99999.00,99999.00,99999.00,99999.00,99999.00,99999.00,99999.00,99999.00,99999.00,99999.00,99999.00,99999.00,99999.00,99999.00,99999.00,99999.00,99999.00,99999.00,99999.00,99999.00,99999.00,99999.00,99999.00,99999.00,99999.00,99999.00,99999.00,99999.00,99999.00,99999.00,99999.00,99999.00,99999.00,99999.00,99999.00,99999.00,99999.00, 745.31, 729.70, 716.42, 704.95, 694.91, 686.07, 678.12, 671.51, 666.04, 661.52, 657.79, 654.63, 651.83, 649.27, 649.03, 651.10, 654.37, 658.67, 664.47, 672.22, 681.85,99999.00,99999.00,99999.00,99999.00,99999.00,99999.00,99999.00,99999.00,99999.00,99999.00,99999.00,99999.00,99999.00,99999.00,99999.00,99999.00,99999.00,99999.00,99999.00,99999.00,99999.00,99999.00,99999.00,99999.00,99999.00,99999.00,99999.00,99999.00,99999.00,99999.00,99999.00,99999.00,99999.00,99999.00,99999.00,99999.00,99999.00,99999.00,99999.00,99999.00,99999.00,99999.00,99999.00,99999.00,99999.00,99999.00,99999.00,99999.00,99999.00,99999.00,99999.00,99999.00,99999.00,99999.00,99999.00,99999.00,99999.00,99999.00,99999.00,99999.00,99999.00,99999.00
99999.00,99999.00,99999.00,99999.00,99999.00,99999.00,99999.00,99999.00,99999.00,99999.00,99999.00,99999.00,99999.00,99999.00,99999.00,99999.00,99999.00,99999.00,99999.00,99999.00,99999.00,99999.00,99999.00,99999.00,99999.00,99999.00,99999.00,99999.00,99999.00,99999.00,99999.00,99999.00,99999.00,99999.00,99999.00,99999.00,99999.00,99999.00,99999.00,99999.00,99999.00,99999.00,99999.00,99999.00,99999.00,99999.00,99999.00,99999.00, 770.02, 753.64, 738.93, 726.21, 715.09, 705.33, 696.52, 688.74, 682.35, 677.05, 672.66, 669.03, 665.95, 663.19, 660.63, 660.47, 662.69, 665.96, 670.26, 676.14, 683.89, 693.64,99999.00,99999.00,99999.00,99999.00,99999.00,99999.00,99999.00,99999.00,99999.00,99999.00,99999.00,99999.00,99999.00,99999.00,99999.00,99999.00,99999.00,99999.00,99999.00,99999.00,99999.00,99999.00,99999.00,99999.00,99999.00,99999.00,99999.00,99999.00,99999.00,99999.00,99999.00,99999.00,99999.00,99999.00,99999.00,99999.00,99999.00,99999.00,99999.00,99999.00,99999.00,99999.00,99999.00,99999.00,99999.00,99999.00,99999.00,99999.00,99999.00,99999.00,99999.00,99999.00,99999.00,99999.00,99999.00,99999.00,99999.00,99999.00,99999.00,99999.00,99999.00,99999.00
99999.00,99999.00,99999.00,99999.00,99999.00,99999.00,99999.00,99999.00,99999.00,99999.00,99999.00,99999.00,99999.00,99999.00,99999.00,99999.00,99999.00,99999.00,99999.00,99999.00,99999.00,99999.00,99999.00,99999.00,99999.00,99999.00,99999.00,99999.00,99999.00,99999.00,99999.00,99999.00,99999.00,99999.00,99999.00,99999.00,99999.00,99999.00,99999.00, 953.20, 930.17, 908.35, 887.49, 867.41, 847.98, 829.08, 810.57, 792.90, 776.52, 761.57, 747.74, 735.59, 724.94, 715.35, 706.83, 699.33, 693.10, 687.97, 683.76, 680.24, 677.21, 674.50, 671.95, 671.88, 674.26, 677.51, 681.82, 687.71, 695.56, 705.29,99999.00,99999.00,99999.00,99999.00,99999.00,99999.00,99999.00,99999.00,99999.00,99999.00,99999.00,99999.00,99999.00,99999.00,99999.00,99999.00,99999.00,99999.00,99999.00,99999.00,99999.00,99999.00,99999.00,99999.00,99999.00,99999.00,99999.00,99999.00,99999.00,99999.00,99999.00,99999.00,99999.00,99999.00,99999.00,99999.00,99999.00,99999.00,99999.00,99999.00,99999.00,99999.00,99999.00,99999.00,99999.00,99999.00,99999.00,99999.00,99999.00,99999.00,99999.00,99999.00,99999.00,99999.00,99999.00,99999.00,99999.00,99999.00,99999.00,99999.00,99999.00,99999.00
99999.00,99999.00,99999.00,99999.00,99999.00,99999.00,99999.00,99999.00,99999.00,99999.00,99999.00,99999.00,99999.00,99999.00,99999.00,99999.00,99999.00,99999.00,99999.00,99999.00,99999.00,99999.00,99999.00,99999.00,99999.00,99999.00,99999.00,99999.00,99999.00,99999.00,99999.00,99999.00,99999.00,99999.00,99999.00,99999.00,99999.00,99999.00,99999.00, 947.90, 926.15, 905.61, 886.02, 867.21, 849.07, 831.43, 814.26, 798.27, 783.18, 769.29, 756.28, 744.80, 734.46, 725.27, 716.95, 709.76, 703.78, 698.83, 694.76, 691.37, 688.41, 685.74, 683.22, 683.23, 685.78, 689.03, 693.34, 699.24, 707.17, 716.93,99999.00,99999.00,99999.00,99999.00,99999.00,99999.00,99999.00,99999.00,99999.00,99999.00,99999.00,99999.00,99999.00,99999.00,99999.00,99999.00,99999.00,99999.00,99999.00,99999.00,99999.00,99999.00,99999.00,99999.00,99999.00,99999.00,99999.00,99999.00,99999.00,99999.00,99999.00,99999.00,99999.00,99999.00,99999.00,99999.00,99999.00,99999.00,99999.00,99999.00,99999.00,99999.00,99999.00,99999.00,99999.00,99999.00,99999.00,99999.00,99999.00,99999.00,99999.00,99999.00,99999.00,99999.00,99999.00,99999.00,99999.00,99999.00,99999.00,99999.00,99999.00,99999.00
99999.00,99999.00,99999.00,99999.00,99999.00,99999.00,99999.00,99999.00,99999.00,99999.00,99999.00,99999.00,99999.00,99999.00,99999.00,99999.00,99999.00,99999.00,99999.00,99999.00,99999.00,99999.00,99999.00,99999.00,99999.00,99999.00,99999.00,99999.00,99999.00,99999.00,99999.00,99999.00,99999.00,99999.00,99999.00,99999.00,99999.00,99999.00,99999.00, 945.57, 924.75, 905.14, 886.49, 868.62, 851.41, 834.71, 818.84, 804.05, 790.01, 776.91, 764.73, 753.70, 743.88, 734.98, 727.01, 720.08, 714.34, 709.63, 705.72, 702.41, 699.52, 696.91, 694.42, 694.53, 697.25, 700.49, 704.80, 710.71, 718.67, 728.50,99999.00,99999.00,99999.00,99999.00,99999.00,99999.00,99999.00,99999.00,99999.00,99999.00,99999.00,99999.00,99999.00,99999.00,99999.00,99999.00,99999.00,99999.00,99999.00,99999.00,99999.00,99999.00,99999.00,99999.00,99999.00,99999.00,99999.00,99999.00,99999.00,99999.00,99999.00,99999.00,99999.00,99999.00,99999.00,99999.00,99999.00,99999.00,99999.00,99999.00,99999.00,99999.00,99999.00,99999.00,99999.00,99999.00,99999.00,99999.00,99999.00,99999.00,99999.00,99999.00,99999.00,99999.00,99999.00,99999.00,99999.00,99999.00,99999.00,99999.00,99999.00,99999.00
99999.00,99999.00,99999.00,99999.00,99999.00,99999.00,99999.00,99999.00,99999.00,99999.00,99999.00,99999.00,99999.00,99999.00,99999.00,99999.00,99999.00,99999.00,99999.00,99999.00,99999.00,99999.00,99999.00,99999.00,99999.00,99999.00,99999.00,99999.00,99999.00,99999.00,99999.00,99999.00,99999.00,99999.00,99999.00,99999.00,99999.00,99999.00,99999.00, 944.96, 924.89, 906.02, 888.11, 870.98, 854.51, 838.83, 824.02, 810.11, 797.04, 784.57, 772.96, 762.55, 753.11, 744.64, 736.91, 730.31, 724.83, 720.31, 716.57, 713.37, 710.56, 707.99, 705.55, 705.77, 708.67, 712.13, 716.45, 722.14, 730.12, 739.95,99999.00,99999.00,99999.00,99999.00,99999.00,99999.00,99999.00,99999.00,99999.00,99999.00,99999.00,99999.00,99999.00,99999.00,99999.00,99999.00,99999.00,99999.00,99999.00,99999.00,99999.00,99999.00,99999.00,99999.00,99999.00,99999.00,99999.00,99999.00,99999.00,99999.00,99999.00,99999.00,99999.00,99999.00,99999.00,99999.00,99999.00,99999.00,99999.00,99999.00,99999.00,99999.00,99999.00,99999.00,99999.00,99999.00,99999.00,99999.00,99999.00,99999.00,99999.00,99999.00,99999.00,99999.00,99999.00,99999.00,99999.00,99999.00,99999.00,99999.00,99999.00,99999.00
99999.00,99999.00,99999.00,99999.00,99999.00,99999.00,99999.00,99999.00,99999.00,99999.00,99999.00,99999.00,99999.00,99999.00,99999.00,99999.00,99999.00,99999.00,99999.00,99999.00,99999.00,99999.00,99999.00,99999.00,99999.00,99999.00,99999.00,99999.00,99999.00,99999.00,99999.00,99999.00,99999.00,99999.00,99999.00,99999.00,99999.00,99999.00,99999.00, 945.76, 926.29, 908.03, 890.72, 874.20, 858.34, 843.54, 829.70, 816.47, 804.06, 792.11, 781.20, 771.26, 762.32, 754.15, 746.71, 740.42, 735.23, 730.94, 727.33, 724.23, 721.51, 719.00, 716.61, 716.94, 720.13, 723.73, 728.05, 733.75, 741.51, 751.35,99999.00,99999.00,99999.00,99999.00,99999.00,99999.00,99999.00,99999.00,99999.00,99999.00,99999.00,99999.00,99999.00,99999.00,99999.00,99999.00,99999.00,99999.00,99999.00,99999.00,99999.00,99999.00,99999.00,99999.00,99999.00,99999.00,99999.00,99999.00,99999.00,99999.00,99999.00,99999.00,99999.00,99999.00,99999.00,99999.00,99999.00,99999.00,99999.00,99999.00,99999.00,99999.00,99999.00,99999.00,99999.00,99999.00,99999.00,99999.00,99999.00,99999.00,99999.00,99999.00,99999.00,99999.00,99999.00,99999.00,99999.00,99999.00,99999.00,99999.00,99999.00,99999.00
99999.00,99999.00,99999.00,99999.00,99999.00,99999.00,99999.00,99999.00,99999.00,99999.00,99999.00,99999.00,99999.00,99999.00,99999.00,99999.00,99999.00,99999.00,99999.00,99999.00,99999.00,99999.00,99999.00,99999.00,99999.00,99999.00,99999.00,99999.00,99999.00,99999.00,99999.00,99999.00,99999.00,99999.00,99999.00,99999.00,99999.00,99999.00,99999.00, 947.39, 928.43, 910.68, 893.88, 877.87, 862.88, 848.76, 835.59, 822.91, 811.13, 799.75, 789.36, 779.98, 771.40, 763.57, 756.43, 750.46, 745.53, 741.45, 737.99, 735.01, 732.36, 729.91, 727.58, 728.15, 731.51, 735.27, 739.83, 745.55, 753.09, 762.68,99999.00,99999.00,99999.00,99999.00,99999.00,99999.00,99999.00,99999.00,99999.00,99999.00,99999.00,99999.00,99999.00,99999.00,99999.00,99999.00,99999.00,99999.00,99999.00,99999.00,99999.00,99999.00,99999.00,99999.00,99999.00,99999.00,99999.00,99999.00,99999.00,99999.00,99999.00,99999.00,99999.00,99999.00,99999.00,99999.00,99999.00,99999.00,99999.00,99999.00,99999.00,99999.00,99999.00,99999.00,99999.00,99999.00,99999.00,99999.00,99999.00,99999.00,99999.00,99999.00,99999.00,99999.00,99999.00,99999.00,99999.00,99999.00,99999.00,99999.00,99999.00,99999.00
99999.00,99999.00,99999.00,99999.00,99999.00,99999.00,99999.00,99999.00,99999.00,99999.00,99999.00,99999.00,99999.00,99999.00,99999.00,99999.00,99999.00,99999.00,99999.00,99999.00,99999.00,99999.00,99999.00,99999.00,99999.00,99999.00,99999.00,99999.00,99999.00,99999.00,99999.00,99999.00,99999.00,99999.00,99999.00,99999.00,99999.00,99999.00,99999.00, 949.91, 931.39, 914.07, 897.71, 882.13, 867.80, 854.23, 841.69, 829.61, 818.20, 807.38, 797.60, 788.62, 780.43, 772.82, 766.05, 760.43, 755.78, 751.87, 748.55, 745.69, 743.13, 740.72, 738.59, 739.41, 742.80, 746.86, 751.56, 757.30, 764.87, 774.38,99999.00,99999.00,99999.00,99999.00,99999.00,99999.00,99999.00,99999.00,99999.00,99999.00,99999.00,99999.00,99999.00,99999.00,99999.00,99999.00,99999.00,99999.00,99999.00,99999.00,99999.00,99999.00,99999.00,99999.00,99999.00,99999.00,99999.00,99999.00,99999.00,99999.00,99999.00,99999.00,99999.00,99999.00,99999.00,99999.00,99999.00,99999.00,99999.00,99999.00,99999.00,99999.00,99999.00,99999.00,99999.00,99999.00,99999.00,99999.00,99999.00,99999.00,99999.00,99999.00,99999.00,99999.00,99999.00,99999.00,99999.00,99999.00,99999.00,99999.00,99999.00,99999.00
99999.00,99999.00,99999.00,99999.00,99999.00,99999.00,99999.00,99999.00,99999.00,99999.00,99999.00,99999.00,99999.00,99999.00,99999.00,99999.00,99999.00,99999.00,99999.00,99999.00,99999.00,99999.00,99999.00,99999.00,99999.00,99999.00,99999.00,99999.00,99999.00,99999.00,99999.00,99999.00,99999.00,99999.00,99999.00,99999.00,99999.00,99999.00,99999.00, 952.87, 934.72, 917.78, 901.79, 886.76, 873.06, 860.09, 847.93, 836.42, 825.33, 815.15, 805.80, 797.25, 789.31, 782.03, 775.62, 770.31, 765.92, 762.19, 759.03, 756.28, 753.80, 751.57, 749.64, 750.71, 754.14, 758.38, 763.26, 769.24, 776.84, 786.27,99999.00,99999.00,99999.00,99999.00,99999.00,99999.00,99999.00,99999.00,99999.00,99999.00,99999.00,99999.00,99999.00,99999.00,99999.00,99999.00,99999.00,99999.00,99999.00,99999.00,99999.00,99999.00,99999.00,99999.00,99999.00,99999.00,99999.00,99999.00,99999.00,99999.00,99999.00,99999.00,99999.00,99999.00,99999.00,99999.00,99999.00,99999.00,99999.00,99999.00,99999.00,99999.00,99999.00,99999.00,99999.00,99999.00,99999.00,99999.00,99999.00,99999.00,99999.00,99999.00,99999.00,99999.00,99999.00,99999.00,99999.00,99999.00,99999.00,99999.00,99999.00,99999.00
99999.00,99999.00,99999.00,99999.00,99999.00,99999.00,99999.00,99999.00,99999.00,99999.00,99999.00,99999.00,99999.00,99999.00,99999.00,99999.00,99999.00,99999.00,99999.00,99999.00,99999.00,99999.00,99999.00,99999.00,99999.00,99999.00,99999.00,99999.00,99999.00,99999.00,99999.00,99999.00,99999.00,99999.00,99999.00,99999.00,99999.00,99999.00,99999.00, 956.20, 938.38, 921.77, 906.32, 891.88, 878.56, 866.16, 854.32, 843.24, 832.66, 822.93, 814.03, 805.77, 798.18, 791.16, 785.15, 780.16, 775.97, 772.43, 769.42, 766.78, 764.52, 762.46, 760.74, 762.07, 765.53, 769.82, 775.02, 781.16, 788.78, 798.36,99999.00,99999.00,99999.00,99999.00,99999.00,99999.00,99999.00,99999.00,99999.00,99999.00,99999.00,99999.00,99999.00,99999.00,99999.00,99999.00,99999.00,99999.00,99999.00,99999.00,99999.00,99999.00,99999.00,99999.00,99999.00,99999.00,99999.00,99999.00,99999.00,99999.00,99999.00,99999.00,99999.00,99999.00,99999.00,99999.00,99999.00,99999.00,99999.00,99999.00,99999.00,99999.00,99999.00,99999.00,99999.00,99999.00,99999.00,99999.00,99999.00,99999.00,99999.00,99999.00,99999.00,99999.00,99999.00,99999.00,99999.00,99999.00,99999.00,99999.00,99999.00,99999.00
99999.00,99999.00,99999.00,99999.00,99999.00,99999.00,99999.00,99999.00,99999.00,99999.00,99999.00,99999.00,99999.00,99999.00,99999.00,99999.00,99999.00,99999.00,99999.00,99999.00,99999.00,99999.00,99999.00,99999.00,99999.00,99999.00,99999.00,99999.00,99999.00,99999.00,99999.00,99999.00,99999.00,99999.00,99999.00,99999.00,99999.00,99999.00,99999.00, 960.08, 942.55, 926.23, 911.16, 897.30, 884.30, 872.33, 860.99, 850.15, 840.04, 830.79, 822.19, 814.30, 807.00, 800.27, 794.61, 789.91, 785.95, 782.60, 779.73, 777.39, 775.27, 773.39, 771.89, 773.49, 776.98, 781.32, 786.72, 793.04, 800.92, 810.44,99999.00,99999.00,99999.00,99999.00,99999.00,99999.00,99999.00,99999.00,99999.00,99999.00,99999.00,99999.00,99999.00,99999.00,99999.00,99999.00,99999.00,99999.00,99999.00,99999.00,99999.00,99999.00,99999.00,99999.00,99999.00,99999.00,99999.00,99999.00,99999.00,99999.00,99999.00,99999.00,99999.00,99999.00,99999.00,99999.00,99999.00,99999.00,99999.00,99999.00,99999.00,99999.00,99999.00,99999.00,99999.00,99999.00,99999.00,99999.00,99999.00,99999.00,99999.00,99999.00,99999.00,99999.00,99999.00,99999.00,99999.00,99999.00,99999.00,99999.00,99999.00,99999.00
99999.00,99999.00,99999.00,99999.00,99999.00,99999.00,99999.00,99999.00,99999.00,99999.00,99999.00,99999.00,99999.00,99999.00,99999.00,99999.00,99999.00,99999.00,99999.00,99999.00,99999.00,99999.00,99999.00,99999.00,99999.00,99999.00,99999.00,99999.00,99999.00,99999.00,99999.00,99999.00,99999.00,99999.00,99999.00,99999.00,99999.00,99999.00,99999.00, 964.34, 947.07, 931.07, 916.32, 902.88, 890.39, 878.66, 867.71, 857.18, 847.54, 838.60, 830.39, 822.81, 815.75, 809.38, 804.06, 799.60, 795.85, 792.68, 790.23, 788.03, 786.06, 784.37, 783.10, 784.98, 788.51, 792.90, 798.35, 805.01, 813.05, 822.72,99999.00,99999.00,99999.00,99999.00,99999.00,99999.00,99999.00,99999.00,99999.00,99999.00,99999.00,99999.00,99999.00,99999.00,99999.00,99999.00,99999.00,99999.00,99999.00,99999.00,99999.00,99999.00,99999.00,99999.00,99999.00,99999.00,99999.00,99999.00,99999.00,99999.00,99999.00,99999.00,99999.00,99999.00,99999.00,99999.00,99999.00,99999.00,99999.00,99999.00,99999.00,99999.00,99999.00,99999.00,99999.00,99999.00,99999.00,99999.00,99999.00,99999.00,99999.00,99999.00,99999.00,99999.00,99999.00,99999.00,99999.00,99999.00,99999.00,99999.00,99999.00,99999.00
99999.00,99999.00,99999.00,99999.00,99999.00,99999.00,99999.00,99999.00,99999.00,99999.00,99999.00,99999.00,99999.00,99999.00,99999.00,99999.00,99999.00,99999.00,99999.00,99999.00,99999.00,99999.00,99999.00,99999.00,99999.00,99999.00,99999.00,99999.00,99999.00,99999.00,99999.00,99999.00,99999.00,99999.00,99999.00,99999.00,99999.00,99999.00,99999.00, 968.73, 951.70, 936.12, 921.88, 908.68, 896.57, 885.16, 874.40, 864.35, 855.03, 846.49, 838.60, 831.27, 824.43, 818.44, 813.45, 809.23, 805.69, 803.05, 800.78, 798.71, 796.91, 795.42, 794.39, 796.55, 800.13, 804.56, 810.07, 816.94, 825.17, 835.01,99999.00,99999.00,99999.00,99999.00,99999.00,99999.00,99999.00,99999.00,99999.00,99999.00,99999.00,99999.00,99999.00,99999.00,99999.00,99999.00,99999.00,99999.00,99999.00,99999.00,99999.00,99999.00,99999.00,99999.00,99999.00,99999.00,99999.00,99999.00,99999.00,99999.00,99999.00,99999.00,99999.00,99999.00,99999.00,99999.00,99999.00,99999.00,99999.00,99999.00,99999.00,99999.00,99999.00,99999.00,99999.00,99999.00,99999.00,99999.00,99999.00,99999.00,99999.00,99999.00,99999.00,99999.00,99999.00,99999.00,99999.00,99999.00,99999.00,99999.00,99999.00,99999.00
99999.00,99999.00,99999.00,99999.00,99999.00,99999.00,99999.00,99999.00,99999.00,99999.00,99999.00,99999.00,99999.00,99999.00,99999.00,99999.00,99999.00,99999.00,99999.00,99999.00,99999.00,99999.00,99999.00,99999.00,99999.00,99999.00,99999.00,99999.00,99999.00,99999.00,99999.00,99999.00,99999.00,99999.00,99999.00,99999.00,99999.00,99999.00,99999.00, 973.60, 956.78, 941.44, 927.58, 914.70, 902.79, 891.79, 881.27, 871.54, 862.63, 854.42, 846.79, 839.70, 833.14, 827.51, 822.78, 818.81, 815.85, 813.52, 811.38, 809.46, 807.84, 806.54, 805.76, 808.21, 811.83, 816.32, 821.89, 828.82, 837.40, 847.30,99999.00,99999.00,99999.00,99999.00,99999.00,99999.00,99999.00,99999.00,99999.00,99999.00,99999.00,99999.00,99999.00,99999.00,99999.00,99999.00,99999.00,99999.00,99999.00,99999.00,99999.00,99999.00,99999.00,99999.00,99999.00,99999.00,99999.00,99999.00,99999.00,99999.00,99999.00,99999.00,99999.00,99999.00,99999.00,99999.00,99999.00,99999.00,99999.00,99999.00,99999.00,99999.00,99999.00,99999.00,99999.00,99999.00,99999.00,99999.00,99999.00,99999.00,99999.00,99999.00,99999.00,99999.00,99999.00,99999.00,99999.00,99999.00,99999.00,99999.00,99999.00,99999.00
99999.00,99999.00,99999.00,99999.00,99999.00,99999.00,99999.00,99999.00,99999.00,99999.00,99999.00,99999.00,99999.00,99999.00,99999.00,99999.00,99999.00,99999.00,99999.00,99999.00,99999.00,99999.00,99999.00,99999.00,99999.00,99999.00,99999.00,99999.00,99999.00,99999.00,99999.00,99999.00,99999.00,99999.00,99999.00,99999.00,99999.00,99999.00,99999.00, 978.61, 962.05, 947.03, 933.36, 920.90, 909.22, 898.38, 888.18, 878.86, 870.29, 862.34, 854.96, 848.16, 841.84, 836.55, 832.09, 828.75, 826.27, 824.05, 822.05, 820.29, 818.84, 817.76, 817.22, 819.97, 823.65, 828.19, 833.82, 840.82, 849.49, 859.71,99999.00,99999.00,99999.00,99999.00,99999.00,99999.00,99999.00,99999.00,99999.00,99999.00,99999.00,99999.00,99999.00,99999.00,99999.00,99999.00,99999.00,99999.00,99999.00,99999.00,99999.00,99999.00,99999.00,99999.00,99999.00,99999.00,99999.00,99999.00,99999.00,99999.00,99999.00,99999.00,99999.00,99999.00,99999.00,99999.00,99999.00,99999.00,99999.00,99999.00,99999.00,99999.00,99999.00,99999.00,99999.00,99999.00,99999.00,99999.00,99999.00,99999.00,99999.00,99999.00,99999.00,99999.00,99999.00,99999.00,99999.00,99999.00,99999.00,99999.00,99999.00,99999.00
99999.00,99999.00,99999.00,99999.00,99999.00,99999.00,99999.00,99999.00,99999.00,99999.00,99999.00,99999.00,99999.00,99999.00,99999.00,99999.00,99999.00,99999.00,99999.00,99999.00,99999.00,99999.00,99999.00,99999.00,99999.00,99999.00,99999.00,99999.00,99999.00,99999.00,99999.00,99999.00,99999.00,99999.00,99999.00,99999.00,99999.00,99999.00,99999.00, 983.79, 967.43, 952.82, 939.39, 927.09, 915.73, 905.04, 895.25, 886.27, 877.96, 870.27, 863.19, 856.53, 850.57, 845.56, 841.79, 839.06, 836.76, 834.67, 832.81, 831.21, 829.95, 829.09, 828.81, 831.86, 835.59, 840.19, 845.88, 852.95, 861.69, 872.01,99999.00,99999.00,99999.00,99999.00,99999.00,99999.00,99999.00,99999.00,99999.00,99999.00,99999.00,99999.00,99999.00,99999.00,99999.00,99999.00,99999.00,99999.00,99999.00,99999.00,99999.00,99999.00,99999.00,99999.00,99999.00,99999.00,99999.00,99999.00,99999.00,99999.00,99999.00,99999.00,99999.00,99999.00,99999.00,99999.00,99999.00,99999.00,99999.00,99999.00,99999.00,99999.00,99999.00,99999.00,99999.00,99999.00,99999.00,99999.00,99999.00,99999.00,99999.00,99999.00,99999.00,99999.00,99999.00,99999.00,99999.00,99999.00,99999.00,99999.00,99999.00,99999.00
99999.00,99999.00,99999.00,99999.00,99999.00,99999.00,99999.00,99999.00,99999.00,99999.00,99999.00,99999.00,99999.00,99999.00,99999.00,99999.00,99999.00,99999.00,99999.00,99999.00,99999.00,99999.00,99999.00,99999.00,99999.00,99999.00,99999.00,99999.00,99999.00,99999.00,99999.00,99999.00,99999.00,99999.00,99999.00,99999.00,99999.00,99999.00,99999.00, 989.22, 973.08, 958.64, 945.53, 933.38, 922.23, 911.88, 902.42, 893.71, 885.67, 878.28, 871.34, 864.89, 859.28, 855.03, 851.92, 849.53, 847.35, 845.39, 843.68, 842.24, 841.18, 840.54, 840.52, 843.88, 847.67, 852.33, 858.09, 865.23, 874.04, 884.50,99999.00,99999.00,99999.00,99999.00,99999.00,99999.00,99999.00,99999.00,99999.00,99999.00,99999.00,99999.00,99999.00,99999.00,99999.00,99999.00,99999.00,99999.00,99999.00,99999.00,99999.00,99999.00,99999.00,99999.00,99999.00,99999.00,99999.00,99999.00,99999.00,99999.00,99999.00,99999.00,99999.00,99999.00,99999.00,99999.00,99999.00,99999.00,99999.00,99999.00,99999.00,99999.00,99999.00,99999.00,99999.00,99999.00,99999.00,99999.00,99999.00,99999.00,99999.00,99999.00,99999.00,99999.00,99999.00,99999.00,99999.00,99999.00,99999.00,99999.00,99999.00,99999.00
99999.00,99999.00,99999.00,99999.00,99999.00,99999.00,99999.00,99999.00,99999.00,99999.00,99999.00,99999.00,99999.00,99999.00,99999.00,99999.00,99999.00,99999.00,99999.00,99999.00,99999.00,99999.00,99999.00,99999.00,99999.00,99999.00,99999.00,99999.00,99999.00,99999.00,99999.00,99999.00,99999.00,99999.00,99999.00,99999.00,99999.00,99999.00,99999.00, 994.70, 978.89, 964.59, 951.69, 939.87, 928.85, 918.83, 909.65, 901.20, 893.46, 886.22, 879.50, 873.31, 868.51, 864.96, 862.38, 860.11, 858.05, 856.23, 854.67, 853.41, 852.55, 852.14, 852.39, 856.04, 859.92, 864.64, 870.46, 877.67, 886.62, 897.18,99999.00,99999.00,99999.00,99999.00,99999.00,99999.00,99999.00,99999.00,99999.00,99999.00,99999.00,99999.00,99999.00,99999.00,99999.00,99999.00,99999.00,99999.00,99999.00,99999.00,99999.00,99999.00,99999.00,99999.00,99999.00,99999.00,99999.00,99999.00,99999.00,99999.00,99999.00,99999.00,99999.00,99999.00,99999.00,99999.00,99999.00,99999.00,99999.00,99999.00,99999.00,99999.00,99999.00,99999.00,99999.00,99999.00,99999.00,99999.00,99999.00,99999.00,99999.00,99999.00,99999.00,99999.00,99999.00,99999.00,99999.00,99999.00,99999.00,99999.00,99999.00,99999.00
99999.00,99999.00,99999.00,99999.00,99999.00,99999.00,99999.00,99999.00,99999.00,99999.00,99999.00,99999.00,99999.00,99999.00,99999.00,99999.00,99999.00,99999.00,99999.00,99999.00,99999.00,99999.00,99999.00,99999.00,99999.00,99999.00,99999.00,99999.00,99999.00,99999.00,99999.00,99999.00,99999.00,99999.00,99999.00,99999.00,99999.00,99999.00,99999.00,1000.33, 984.73, 970.77, 957.99, 946.36, 935.60, 925.86, 916.93, 908.79, 901.20, 894.18, 887.69, 882.29, 878.26, 875.38, 872.99, 870.83, 868.90, 867.22, 865.82, 864.74, 864.09, 863.91, 864.43, 868.15, 872.35, 877.14, 883.03, 890.39, 899.43, 910.12,99999.00,99999.00,99999.00,99999.00,99999.00,99999.00,99999.00,99999.00,99999.00,99999.00,99999.00,99999.00,99999.00,99999.00,99999.00,99999.00,99999.00,99999.00,99999.00,99999.00,99999.00,99999.00,99999.00,99999.00,99999.00,99999.00,99999.00,99999.00,99999.00,99999.00,99999.00,99999.00,99999.00,99999.00,99999.00,99999.00,99999.00,99999.00,99999.00,99999.00,99999.00,99999.00,99999.00,99999.00,99999.00,99999.00,99999.00,99999.00,99999.00,99999.00,99999.00,99999.00,99999.00,99999.00,99999.00,99999.00,99999.00,99999.00,99999.00,99999.00,99999.00,99999.00
99999.00,99999.00,99999.00,99999.00,99999.00,99999.00,99999.00,99999.00,99999.00,99999.00,99999.00,99999.00,99999.00,99999.00,99999.00,99999.00,99999.00,99999.00,99999.00,99999.00,99999.00,99999.00,99999.00,99999.00,99999.00,99999.00,99999.00,99999.00,99999.00,99999.00,99999.00,99999.00,99999.00,99999.00,99999.00,99999.00,99999.00,99999.00,99999.00,1006.21, 990.73, 976.95, 964.45, 952.92, 942.44, 932.96, 924.34, 916.35, 908.98, 902.19, 896.45, 891.86, 888.54, 886.03, 883.75, 881.72, 879.92, 878.39, 877.16, 876.26, 875.81, 875.88, 876.67, 880.47, 884.97, 889.86, 895.90, 903.38, 912.53, 923.31,99999.00,99999.00,99999.00,99999.00,99999.00,99999.00,99999.00,99999.00,99999.00,99999.00,99999.00,99999.00,99999.00,99999.00,99999.00,99999.00,99999.00,99999.00,99999.00,99999.00,99999.00,99999.00,99999.00,99999.00,99999.00,99999.00,99999.00,99999.00,99999.00,99999.00,99999.00,99999.00,99999.00,99999.00,99999.00,99999.00,99999.00,99999.00,99999.00,99999.00,99999.00,99999.00,99999.00,99999.00,99999.00,99999.00,99999.00,99999.00,99999.00,99999.00,99999.00,99999.00,99999.00,99999.00,99999.00,99999.00,99999.00,99999.00,99999.00,99999.00,99999.00,99999.00
99999.00,99999.00,99999.00,99999.00,99999.00,99999.00,99999.00,99999.00,99999.00,99999.00,99999.00,99999.00,99999.00,99999.00,99999.00,99999.00,99999.00,99999.00,99999.00,99999.00,99999.00,99999.00,99999.00,99999.00,99999.00,99999.00,99999.00,99999.00,99999.00,99999.00,99999.00,99999.00,99999.00,99999.00,99999.00,99999.00,99999.00,99999.00,99999.00,1012.11, 996.91, 983.24, 970.99, 959.58, 949.36, 940.19, 931.72, 923.95, 916.81, 911.03, 905.84, 902.03, 899.28, 896.88, 894.72, 892.81, 891.15, 889.77, 888.71, 888.00, 887.76, 888.07, 889.14, 893.04, 897.62, 902.93, 909.09, 916.63, 925.96, 936.85,99999.00,99999.00,99999.00,99999.00,99999.00,99999.00,99999.00,99999.00,99999.00,99999.00,99999.00,99999.00,99999.00,99999.00,99999.00,99999.00,99999.00,99999.00,99999.00,99999.00,99999.00,99999.00,99999.00,99999.00,99999.00,99999.00,99999.00,99999.00,99999.00,99999.00,99999.00,99999.00,99999.00,99999.00,99999.00,99999.00,99999.00,99999.00,99999.00,99999.00,99999.00,99999.00,99999.00,99999.00,99999.00,99999.00,99999.00,99999.00,99999.00,99999.00,99999.00,99999.00,99999.00,99999.00,99999.00,99999.00,99999.00,99999.00,99999.00,99999.00,99999.00,99999.00
99999.00,99999.00,99999.00,99999.00,99999.00,99999.00,99999.00,99999.00,99999.00,99999.00,99999.00,99999.00,99999.00,99999.00,99999.00,99999.00,99999.00,99999.00,99999.00,99999.00,99999.00,99999.00,99999.00,99999.00,99999.00,99999.00,99999.00,99999.00,99999.00,99999.00,99999.00,99999.00,99999.00,99999.00,99999.00,99999.00,99999.00,99999.00,99999.00,1018.14,1003.19, 989.64, 977.49, 966.34, 956.43, 947.40, 939.16, 931.62, 925.81, 920.28, 915.92, 912.83, 910.25, 907.96, 905.92, 904.14, 902.63, 901.40, 900.51, 899.99, 899.97, 900.52, 901.88, 905.90, 910.68, 916.31, 922.56, 930.26, 939.68, 950.75,99999.00,99999.00,99999.00,99999.00,99999.00,99999.00,99999.00,99999.00,99999.00,99999.00,99999.00,99999.00,99999.00,99999.00,99999.00,99999.00,99999.00,99999.00,99999.00,99999.00,99999.00,99999.00,99999.00,99999.00,99999.00,99999.00,99999.00,99999.00,99999.00,99999.00,99999.00,99999.00,99999.00,99999.00,99999.00,99999.00,99999.00,99999.00,99999.00,99999.00,99999.00,99999.00,99999.00,99999.00,99999.00,99999.00,99999.00,99999.00,99999.00,99999.00,99999.00,99999.00,99999.00,99999.00,99999.00,99999.00,99999.00,99999.00,99999.00,99999.00,99999.00,99999.00
99999.00,99999.00,99999.00,99999.00,99999.00,99999.00,99999.00,99999.00,99999.00,99999.00,99999.00,99999.00,99999.00,99999.00,99999.00,99999.00,99999.00,99999.00,99999.00,99999.00,99999.00,99999.00,99999.00,99999.00,99999.00,99999.00,99999.00,99999.00,99999.00,99999.00,99999.00,99999.00,99999.00,99999.00,99999.00,99999.00,99999.00,99999.00,99999.00,1024.30,1009.44, 996.15, 984.09, 973.25, 963.49, 954.69, 946.68, 940.83, 935.25, 930.29, 926.70, 923.97, 921.49, 919.32, 917.40, 915.76, 914.39, 913.32, 912.60, 912.28, 912.48, 913.28, 914.95, 919.22, 924.09, 929.80, 936.47, 944.28, 953.85, 965.01,99999.00,99999.00,99999.00,99999.00,99999.00,99999.00,99999.00,99999.00,99999.00,99999.00,99999.00,99999.00,99999.00,99999.00,99999.00,99999.00,99999.00,99999.00,99999.00,99999.00,99999.00,99999.00,99999.00,99999.00,99999.00,99999.00,99999.00,99999.00,99999.00,99999.00,99999.00,99999.00,99999.00,99999.00,99999.00,99999.00,99999.00,99999.00,99999.00,99999.00,99999.00,99999.00,99999.00,99999.00,99999.00,99999.00,99999.00,99999.00,99999.00,99999.00,99999.00,99999.00,99999.00,99999.00,99999.00,99999.00,99999.00,99999.00,99999.00,99999.00,99999.00,99999.00
99999.00,99999.00,99999.00,99999.00,99999.00,99999.00,99999.00,99999.00,99999.00,99999.00,99999.00,99999.00,99999.00,99999.00,99999.00,99999.00,99999.00,99999.00,99999.00,99999.00,99999.00,99999.00,99999.00,99999.00,99999.00,99999.00,99999.00,99999.00,99999.00,99999.00,99999.00,99999.00,99999.00,99999.00,99999.00,99999.00,99999.00,99999.00,99999.00,1030.58,1015.81,1002.80, 990.85, 980.17, 970.63, 962.06, 956.15, 950.55, 945.23, 941.09, 938.06, 935.43, 933.07, 931.01, 929.22, 927.71, 926.49, 925.59, 925.04, 924.92, 925.36, 926.46, 928.45, 932.91, 937.90, 943.82, 950.80, 958.71, 968.47, 979.78,99999.00,99999.00,99999.00,99999.00,99999.00,99999.00,99999.00,99999.00,99999.00,99999.00,99999.00,99999.00,99999.00,99999.00,99999.00,99999.00,99999.00,99999.00,99999.00,99999.00,99999.00,99999.00,99999.00,99999.00,99999.00,99999.00,99999.00,99999.00,99999.00,99999.00,99999.00,99999.00,99999.00,99999.00,99999.00,99999.00,99999.00,99999.00,99999.00,99999.00,99999.00,99999.00,99999.00,99999.00,99999.00,99999.00,99999.00,99999.00,99999.00,99999.00,99999.00,99999.00,99999.00,99999.00,99999.00,99999.00,99999.00,99999.00,99999.00,99999.00,99999.00,99999.00
99999.00,99999.00,99999.00,99999.00,99999.00,99999.00,99999.00,99999.00,99999.00,99999.00,99999.00,99999.00,99999.00,99999.00,99999.00,99999.00,99999.00,99999.00,99999.00,99999.00,99999.00,99999.00,99999.00,99999.00,99999.00,99999.00,99999.00,99999.00,99999.00,99999.00,99999.00,99999.00,99999.00,99999.00,99999.00,99999.00,99999.00,99999.00,99999.00,1037.01,1022.36,1009.43, 997.63, 987.17, 977.86, 971.86, 966.22, 960.85, 956.10, 952.73, 949.80, 947.29, 945.04, 943.10, 941.44, 940.07, 938.99, 938.25, 937.91, 938.02, 938.72, 940.11, 942.44, 947.07, 952.30, 958.31, 965.38, 973.71, 983.58, 995.09,99999.00,99999.00,99999.00,99999.00,99999.00,99999.00,99999.00,99999.00,99999.00,99999.00,99999.00,99999.00,99999.00,99999.00,99999.00,99999.00,99999.00,99999.00,99999.00,99999.00,99999.00,99999.00,99999.00,99999.00,99999.00,99999.00,99999.00,99999.00,99999.00,99999.00,99999.00,99999.00,99999.00,99999.00,99999.00,99999.00,99999.00,99999.00,99999.00,99999.00,99999.00,99999.00,99999.00,99999.00,99999.00,99999.00,99999.00,99999.00,99999.00,99999.00,99999.00,99999.00,99999.00,99999.00,99999.00,99999.00,99999.00,99999.00,99999.00,99999.00,99999.00,99999.00
99999.00,99999.00,99999.00,99999.00,99999.00,99999.00,99999.00,99999.00,99999.00,99999.00,99999.00,99999.00,99999.00,99999.00,99999.00,99999.00,99999.00,99999.00,99999.00,99999.00,99999.00,99999.00,99999.00,99999.00,99999.00,99999.00,99999.00,99999.00,99999.00,99999.00,99999.00,99999.00,99999.00,99999.00,99999.00,99999.00,99999.00,99999.00,99999.00,1043.43,1028.93,1016.07,1004.50, 994.27, 988.09, 982.38, 976.98, 971.88, 967.95, 964.85, 962.02, 959.61, 957.48, 955.66, 954.13, 952.91, 952.01, 951.47, 951.34, 951.69, 952.65, 954.33, 956.99, 961.82, 967.24, 973.38, 980.65, 989.29, 999.29,1010.99,99999.00,99999.00,99999.00,99999.00,99999.00,99999.00,99999.00,99999.00,99999.00,99999.00,99999.00,99999.00,99999.00,99999.00,99999.00,99999.00,99999.00,99999.00,99999.00,99999.00,99999.00,99999.00,99999.00,99999.00,99999.00,99999.00,99999.00,99999.00,99999.00,99999.00,99999.00,99999.00,99999.00,99999.00,99999.00,99999.00,99999.00,99999.00,99999.00,99999.00,99999.00,99999.00,99999.00,99999.00,99999.00,99999.00,99999.00,99999.00,99999.00,99999.00,99999.00,99999.00,99999.00,99999.00,99999.00,99999.00,99999.00,99999.00,99999.00,99999.00,99999.00,99999.00
99999.00,99999.00,99999.00,99999.00,99999.00,99999.00,99999.00,99999.00,99999.00,99999.00,99999.00,99999.00,99999.00,99999.00,99999.00,99999.00,99999.00,99999.00,99999.00,99999.00,99999.00,99999.00,99999.00,99999.00,99999.00,99999.00,99999.00,99999.00,99999.00,99999.00,99999.00,99999.00,99999.00,99999.00,99999.00,99999.00,99999.00,99999.00,99999.00,1049.88,1035.60,1022.82,1011.48,1005.07, 999.17, 993.72, 988.56, 984.02, 980.53, 977.53, 974.81, 972.51, 970.51, 968.84, 967.46, 966.40, 965.69, 965.34, 965.42, 966.01, 967.23, 969.20, 972.19, 977.27, 982.87, 989.24, 996.61,1005.34,1015.76,1027.63,99999.00,99999.00,99999.00,99999.00,99999.00,99999.00,99999.00,99999.00,99999.00,99999.00,99999.00,99999.00,99999.00,99999.00,99999.00,99999.00,99999.00,99999.00,99999.00,99999.00,99999.00,99999.00,99999.00,99999.00,99999.00,99999.00,99999.00,99999.00,99999.00,99999.00,99999.00,99999.00,99999.00,99999.00,99999.00,99999.00,99999.00,99999.00,99999.00,99999.00,99999.00,99999.00,99999.00,99999.00,99999.00,99999.00,99999.00,99999.00,99999.00,99999.00,99999.00,99999.00,99999.00,99999.00,99999.00,99999.00,99999.00,99999.00,99999.00,99999.00,99999.00,99999.00
99999.00,99999.00,99999.00,99999.00,99999.00,99999.00,99999.00,99999.00,99999.00,99999.00,99999.00,99999.00,99999.00,99999.00,99999.00,99999.00,99999.00,99999.00,99999.00,99999.00,99999.00,99999.00,99999.00,99999.00,99999.00,99999.00,99999.00,99999.00,99999.00,99999.00,99999.00,99999.00,99999.00,99999.00,99999.00,99999.00,99999.00,99999.00,99999.00,1056.53,1042.43,1029.73,1023.13,1016.96,1011.34,1006.14,1001.24, 997.25, 993.87, 990.97, 988.37, 986.20, 984.33, 982.80, 981.57, 980.68, 980.14, 979.99, 980.28, 981.11, 982.59, 984.85, 988.17, 993.56, 999.36,1005.92,1013.40,1022.32,1033.00,1045.14,99999.00,99999.00,99999.00,99999.00,99999.00,99999.00,99999.00,99999.00,99999.00,99999.00,99999.00,99999.00,99999.00,99999.00,99999.00,99999.00,99999.00,99999.00,99999.00,99999.00,99999.00,99999.00,99999.00,99999.00,99999.00,99999.00,99999.00,99999.00,99999.00,99999.00,99999.00,99999.00,99999.00,99999.00,99999.00,99999.00,99999.00,99999.00,99999.00,99999.00,99999.00,99999.00,99999.00,99999.00,99999.00,99999.00,99999.00,99999.00,99999.00,99999.00,99999.00,99999.00,99999.00,99999.00,99999.00,99999.00,99999.00,99999.00,99999.00,99999.00,99999.00,99999.00
99999.00,99999.00,99999.00,99999.00,99999.00,99999.00,99999.00,99999.00,99999.00,99999.00,99999.00,99999.00,99999.00,99999.00,99999.00,99999.00,99999.00,99999.00,99999.00,99999.00,99999.00,99999.00,99999.00,99999.00,99999.00,99999.00,99999.00,99999.00,99999.00,99999.00,99999.00,99999.00,99999.00,99999.00,99999.00,99999.00,99999.00,99999.00,99999.00,1063.44,1049.34,1042.48,1036.08,1030.17,1024.81,1019.85,1015.33,1011.43,1008.15,1005.37,1002.88,1000.83, 999.10, 997.71, 996.63, 995.90, 995.54, 995.58, 996.09, 997.15, 998.89,1001.44,1005.08,1010.82,1016.85,1023.54,1031.21,1040.14,1050.81,1063.33,99999.00,99999.00,99999.00,99999.00,99999.00,99999.00,99999.00,99999.00,99999.00,99999.00,99999.00,99999.00,99999.00,99999.00,99999.00,99999.00,99999.00,99999.00,99999.00,99999.00,99999.00,99999.00,99999.00,99999.00,99999.00,99999.00,99999.00,99999.00,99999.00,99999.00,99999.00,99999.00,99999.00,99999.00,99999.00,99999.00,99999.00,99999.00,99999.00,99999.00,99999.00,99999.00,99999.00,99999.00,99999.00,99999.00,99999.00,99999.00,99999.00,99999.00,99999.00,99999.00,99999.00,99999.00,99999.00,99999.00,99999.00,99999.00,99999.00,99999.00,99999.00,99999.00
99999.00,99999.00,99999.00,99999.00,99999.00,99999.00,99999.00,99999.00,99999.00,99999.00,99999.00,99999.00,99999.00,99999.00,99999.00,99999.00,99999.00,99999.00,99999.00,99999.00,99999.00,99999.00,99999.00,99999.00,99999.00,99999.00,99999.00,99999.00,99999.00,99999.00,99999.00,99999.00,99999.00,99999.00,99999.00,99999.00,99999.00,99999.00,99999.00,1070.67,1063.44,1056.84,1050.67,1045.05,1039.92,1035.05,1030.61,1026.82,1023.64,1020.96,1018.59,1016.66,1015.06,1013.81,1012.88,1012.31,1012.13,1012.36,1013.08,1014.36,1016.36,1019.19,1023.14,1029.23,1035.63,1042.46,1050.23,1059.13,1069.76,1082.13,1096.25,99999.00,99999.00,99999.00,99999.00,99999.00,99999.00,99999.00,99999.00,99999.00,99999.00,99999.00,99999.00,99999.00,99999.00,99999.00,99999.00,99999.00,99999.00,99999.00,99999.00,99999.00,99999.00,99999.00,99999.00,99999.00,99999.00,99999.00,99999.00,99999.00,99999.00,99999.00,99999.00,99999.00,99999.00,99999.00,99999.00,99999.00,99999.00,99999.00,99999.00,99999.00,99999.00,99999.00,99999.00,99999.00,99999.00,99999.00,99999.00,99999.00,99999.00,99999.00,99999.00,99999.00,99999.00,99999.00,99999.00,99999.00,99999.00,99999.00,99999.00,99999.00
99999.00,99999.00,99999.00,99999.00,99999.00,99999.00,99999.00,99999.00,99999.00,99999.00,99999.00,99999.00,99999.00,99999.00,99999.00,99999.00,99999.00,99999.00,99999.00,99999.00,99999.00,99999.00,99999.00,99999.00,99999.00,99999.00,99999.00,99999.00,99999.00,99999.00,99999.00,99999.00,99999.00,99999.00,99999.00,99999.00,99999.00,99999.00,99999.00,99999.00,99999.00,99999.00,99999.00,99999.00,99999.00,99999.00,99999.00,99999.00,99999.00,99999.00,99999.00,99999.00,99999.00,99999.00,99999.00,99999.00,99999.00,99999.00,99999.00,99999.00,99999.00,99999.00,99999.00,99999.00,99999.00,99999.00,99999.00,99999.00,99999.00,99999.00,99999.00,99999.00,99999.00,99999.00,99999.00,99999.00,99999.00,99999.00,99999.00,99999.00,99999.00,99999.00,99999.00,99999.00,99999.00,99999.00,99999.00,99999.00,99999.00,99999.00,99999.00,99999.00,99999.00,99999.00,99999.00,99999.00,99999.00,99999.00,99999.00,99999.00,99999.00,99999.00,99999.00,99999.00,99999.00,99999.00,99999.00,99999.00,99999.00,99999.00,99999.00,99999.00,99999.00,99999.00,99999.00,99999.00,99999.00,99999.00,99999.00,99999.00,99999.00,99999.00,99999.00,99999.00,99999.00,99999.00,99999.00,99999.00,99999.00,99999.00,99999.00,99999.00
99999.00,99999.00,99999.00,99999.00,99999.00,99999.00,99999.00,99999.00,99999.00,99999.00,99999.00,99999.00,99999.00,99999.00,99999.00,99999.00,99999.00,99999.00,99999.00,99999.00,99999.00,99999.00,99999.00,99999.00,99999.00,99999.00,99999.00,99999.00,99999.00,99999.00,99999.00,99999.00,99999.00,99999.00,99999.00,99999.00,99999.00,99999.00,99999.00,99999.00,99999.00,99999.00,99999.00,99999.00,99999.00,99999.00,99999.00,99999.00,99999.00,99999.00,99999.00,99999.00,99999.00,99999.00,99999.00,99999.00,99999.00,99999.00,99999.00,99999.00,99999.00,99999.00,99999.00,99999.00,99999.00,99999.00,99999.00,99999.00,99999.00,99999.00,99999.00,99999.00,99999.00,99999.00,99999.00,99999.00,99999.00,99999.00,99999.00,99999.00,99999.00,99999.00,99999.00,99999.00,99999.00,99999.00,99999.00,99999.00,99999.00,99999.00,99999.00,99999.00,99999.00,99999.00,99999.00,99999.00,99999.00,99999.00,99999.00,99999.00,99999.00,99999.00,99999.00,99999.00,99999.00,99999.00,99999.00,99999.00,99999.00,99999.00,99999.00,99999.00,99999.00,99999.00,99999.00,99999.00,99999.00,99999.00,99999.00,99999.00,99999.00,99999.00,99999.00,99999.00,99999.00,99999.00,99999.00,99999.00,99999.00,99999.00,99999.00,99999.00
99999.00,99999.00,99999.00,99999.00,99999.00,99999.00,99999.00,99999.00,99999.00,99999.00,99999.00,99999.00,99999.00,99999.00,99999.00,99999.00,99999.00,99999.00,99999.00,99999.00,99999.00,99999.00,99999.00,99999.00,99999.00,99999.00,99999.00,99999.00,99999.00,99999.00,99999.00,99999.00,99999.00,99999.00,99999.00,99999.00,99999.00,99999.00,99999.00,99999.00,99999.00,99999.00,99999.00,99999.00,99999.00,99999.00,99999.00,99999.00,99999.00,99999.00,99999.00,99999.00,99999.00,99999.00,99999.00,99999.00,99999.00,99999.00,99999.00,99999.00,99999.00,99999.00,99999.00,99999.00,99999.00,99999.00,99999.00,99999.00,99999.00,99999.00,99999.00,99999.00,99999.00,99999.00,99999.00,99999.00,99999.00,99999.00,99999.00,99999.00,99999.00,99999.00,99999.00,99999.00,99999.00,99999.00,99999.00,99999.00,99999.00,99999.00,99999.00,99999.00,99999.00,99999.00,99999.00,99999.00,99999.00,99999.00,99999.00,99999.00,99999.00,99999.00,99999.00,99999.00,99999.00,99999.00,99999.00,99999.00,99999.00,99999.00,99999.00,99999.00,99999.00,99999.00,99999.00,99999.00,99999.00,99999.00,99999.00,99999.00,99999.00,99999.00,99999.00,99999.00,99999.00,99999.00,99999.00,99999.00,99999.00,99999.00,99999.00,99999.00
99999.00,99999.00,99999.00,99999.00,99999.00,99999.00,99999.00,99999.00,99999.00,99999.00,99999.00,99999.00,99999.00,99999.00,99999.00,99999.00,99999.00,99999.00,99999.00,99999.00,99999.00,99999.00,99999.00,99999.00,99999.00,99999.00,99999.00,99999.00,99999.00,99999.00,99999.00,99999.00,99999.00,99999.00,99999.00,99999.00,99999.00,99999.00,99999.00,99999.00,99999.00,99999.00,99999.00,99999.00,99999.00,99999.00,99999.00,99999.00,99999.00,99999.00,99999.00,99999.00,99999.00,99999.00,99999.00,99999.00,99999.00,99999.00,99999.00,99999.00,99999.00,99999.00,99999.00,99999.00,99999.00,99999.00,99999.00,99999.00,99999.00,99999.00,99999.00,99999.00,99999.00,99999.00,99999.00,99999.00,99999.00,99999.00,99999.00,99999.00,99999.00,99999.00,99999.00,99999.00,99999.00,99999.00,99999.00,99999.00,99999.00,99999.00,99999.00,99999.00,99999.00,99999.00,99999.00,99999.00,99999.00,99999.00,99999.00,99999.00,99999.00,99999.00,99999.00,99999.00,99999.00,99999.00,99999.00,99999.00,99999.00,99999.00,99999.00,99999.00,99999.00,99999.00,99999.00,99999.00,99999.00,99999.00,99999.00,99999.00,99999.00,99999.00,99999.00,99999.00,99999.00,99999.00,99999.00,99999.00,99999.00,99999.00,99999.00,99999.00
99999.00,99999.00,99999.00,99999.00,99999.00,99999.00,99999.00,99999.00,99999.00,99999.00,99999.00,99999.00,99999.00,99999.00,99999.00,99999.00,99999.00,99999.00,99999.00,99999.00,99999.00,99999.00,99999.00,99999.00,99999.00,99999.00,99999.00,99999.00,99999.00,99999.00,99999.00,99999.00,99999.00,99999.00,99999.00,99999.00,99999.00,99999.00,99999.00,99999.00,99999.00,99999.00,99999.00,99999.00,99999.00,99999.00,99999.00,99999.00,99999.00,99999.00,99999.00,99999.00,99999.00,99999.00,99999.00,99999.00,99999.00,99999.00,99999.00,99999.00,99999.00,99999.00,99999.00,99999.00,99999.00,99999.00,99999.00,99999.00,99999.00,99999.00,99999.00,99999.00,99999.00,99999.00,99999.00,99999.00,99999.00,99999.00,99999.00,99999.00,99999.00,99999.00,99999.00,99999.00,99999.00,99999.00,99999.00,99999.00,99999.00,99999.00,99999.00,99999.00,99999.00,99999.00,99999.00,99999.00,99999.00,99999.00,99999.00,99999.00,99999.00,99999.00,99999.00,99999.00,99999.00,99999.00,99999.00,99999.00,99999.00,99999.00,99999.00,99999.00,99999.00,99999.00,99999.00,99999.00,99999.00,99999.00,99999.00,99999.00,99999.00,99999.00,99999.00,99999.00,99999.00,99999.00,99999.00,99999.00,99999.00,99999.00,99999.00,99999.00
99999.00,99999.00,99999.00,99999.00,99999.00,99999.00,99999.00,99999.00,99999.00,99999.00,99999.00,99999.00,99999.00,99999.00,99999.00,99999.00,99999.00,99999.00,99999.00,99999.00,99999.00,99999.00,99999.00,99999.00,99999.00,99999.00,99999.00,99999.00,99999.00,99999.00,99999.00,99999.00,99999.00,99999.00,99999.00,99999.00,99999.00,99999.00,99999.00,99999.00,99999.00,99999.00,99999.00,99999.00,99999.00,99999.00,99999.00,99999.00,99999.00,99999.00,99999.00,99999.00,99999.00,99999.00,99999.00,99999.00,99999.00,99999.00,99999.00,99999.00,99999.00,99999.00,99999.00,99999.00,99999.00,99999.00,99999.00,99999.00,99999.00,99999.00,99999.00,99999.00,99999.00,99999.00,99999.00,99999.00,99999.00,99999.00,99999.00,99999.00,99999.00,99999.00,99999.00,99999.00,99999.00,99999.00,99999.00,99999.00,99999.00,99999.00,99999.00,99999.00,99999.00,99999.00,99999.00,99999.00,99999.00,99999.00,99999.00,99999.00,99999.00,99999.00,99999.00,99999.00,99999.00,99999.00,99999.00,99999.00,99999.00,99999.00,99999.00,99999.00,99999.00,99999.00,99999.00,99999.00,99999.00,99999.00,99999.00,99999.00,99999.00,99999.00,99999.00,99999.00,99999.00,99999.00,99999.00,99999.00,99999.00,99999.00,99999.00,99999.00
99999.00,99999.00,99999.00,99999.00,99999.00,99999.00,99999.00,99999.00,99999.00,99999.00,99999.00,99999.00,99999.00,99999.00,99999.00,99999.00,99999.00,99999.00,99999.00,99999.00,99999.00,99999.00,99999.00,99999.00,99999.00,99999.00,99999.00,99999.00,99999.00,99999.00,99999.00,99999.00,99999.00,99999.00,99999.00,99999.00,99999.00,99999.00,99999.00,99999.00,99999.00,99999.00,99999.00,99999.00,99999.00,99999.00,99999.00,99999.00,99999.00,99999.00,99999.00,99999.00,99999.00,99999.00,99999.00,99999.00,99999.00,99999.00,99999.00,99999.00,99999.00,99999.00,99999.00,99999.00,99999.00,99999.00,99999.00,99999.00,99999.00,99999.00,99999.00,99999.00,99999.00,99999.00,99999.00,99999.00,99999.00,99999.00,99999.00,99999.00,99999.00,99999.00,99999.00,99999.00,99999.00,99999.00,99999.00,99999.00,99999.00,99999.00,99999.00,99999.00,99999.00,99999.00,99999.00,99999.00,99999.00,99999.00,99999.00,99999.00,99999.00,99999.00,99999.00,99999.00,99999.00,99999.00,99999.00,99999.00,99999.00,99999.00,99999.00,99999.00,99999.00,99999.00,99999.00,99999.00,99999.00,99999.00,99999.00,99999.00,99999.00,99999.00,99999.00,99999.00,99999.00,99999.00,99999.00,99999.00,99999.00,99999.00,99999.00,99999.00
99999.00,99999.00,99999.00,99999.00,99999.00,99999.00,99999.00,99999.00,99999.00,99999.00,99999.00,99999.00,99999.00,99999.00,99999.00,99999.00,99999.00,99999.00,99999.00,99999.00,99999.00,99999.00,99999.00,99999.00,99999.00,99999.00,99999.00,99999.00,99999.00,99999.00,99999.00,99999.00,99999.00,99999.00,99999.00,99999.00,99999.00,99999.00,99999.00,99999.00,99999.00,99999.00,99999.00,99999.00,99999.00,99999.00,99999.00,99999.00,99999.00,99999.00,99999.00,99999.00,99999.00,99999.00,99999.00,99999.00,99999.00,99999.00,99999.00,99999.00,99999.00,99999.00,99999.00,99999.00,99999.00,99999.00,99999.00,99999.00,99999.00,99999.00,99999.00,99999.00,99999.00,99999.00,99999.00,99999.00,99999.00,99999.00,99999.00,99999.00,99999.00,99999.00,99999.00,99999.00,99999.00,99999.00,99999.00,99999.00,99999.00,99999.00,99999.00,99999.00,99999.00,99999.00,99999.00,99999.00,99999.00,99999.00,99999.00,99999.00,99999.00,99999.00,99999.00,99999.00,99999.00,99999.00,99999.00,99999.00,99999.00,99999.00,99999.00,99999.00,99999.00,99999.00,99999.00,99999.00,99999.00,99999.00,99999.00,99999.00,99999.00,99999.00,99999.00,99999.00,99999.00,99999.00,99999.00,99999.00,99999.00,99999.00,99999.00,99999.00
99999.00,99999.00,99999.00,99999.00,99999.00,99999.00,99999.00,99999.00,99999.00,99999.00,99999.00,99999.00,99999.00,99999.00,99999.00,99999.00,99999.00,99999.00,99999.00,99999.00,99999.00,99999.00,99999.00,99999.00,99999.00,99999.00,99999.00,99999.00,99999.00,99999.00,99999.00,99999.00,99999.00,99999.00,99999.00,99999.00,99999.00,99999.00,99999.00,99999.00,99999.00,99999.00,99999.00,99999.00,99999.00,99999.00,99999.00,99999.00,99999.00,99999.00,99999.00,99999.00,99999.00,99999.00,99999.00,99999.00,99999.00,99999.00,99999.00,99999.00,99999.00,99999.00,99999.00,99999.00,99999.00,99999.00,99999.00,99999.00,99999.00,99999.00,99999.00,99999.00,99999.00,99999.00,99999.00,99999.00,99999.00,99999.00,99999.00,99999.00,99999.00,99999.00,99999.00,99999.00,99999.00,99999.00,99999.00,99999.00,99999.00,99999.00,99999.00,99999.00,99999.00,99999.00,99999.00,99999.00,99999.00,99999.00,99999.00,99999.00,99999.00,99999.00,99999.00,99999.00,99999.00,99999.00,99999.00,99999.00,99999.00,99999.00,99999.00,99999.00,99999.00,99999.00,99999.00,99999.00,99999.00,99999.00,99999.00,99999.00,99999.00,99999.00,99999.00,99999.00,99999.00,99999.00,99999.00,99999.00,99999.00,99999.00,99999.00,99999.00
99999.00,99999.00,99999.00,99999.00,99999.00,99999.00,99999.00,99999.00,99999.00,99999.00,99999.00,99999.00,99999.00,99999.00,99999.00,99999.00,99999.00,99999.00,99999.00,99999.00,99999.00,99999.00,99999.00,99999.00,99999.00,99999.00,99999.00,99999.00,99999.00,99999.00,99999.00,99999.00,99999.00,99999.00,99999.00,99999.00,99999.00,99999.00,99999.00,99999.00,99999.00,99999.00,99999.00,99999.00,99999.00,99999.00,99999.00,99999.00,99999.00,99999.00,99999.00,99999.00,99999.00,99999.00,99999.00,99999.00,99999.00,99999.00,99999.00,99999.00,99999.00,99999.00,99999.00,99999.00,99999.00,99999.00,99999.00,99999.00,99999.00,99999.00,99999.00,99999.00,99999.00,99999.00,99999.00,99999.00,99999.00,99999.00,99999.00,99999.00,99999.00,99999.00,99999.00,99999.00,99999.00,99999.00,99999.00,99999.00,99999.00,99999.00,99999.00,99999.00,99999.00,99999.00,99999.00,99999.00,99999.00,99999.00,99999.00,99999.00,99999.00,99999.00,99999.00,99999.00,99999.00,99999.00,99999.00,99999.00,99999.00,99999.00,99999.00,99999.00,99999.00,99999.00,99999.00,99999.00,99999.00,99999.00,99999.00,99999.00,99999.00,99999.00,99999.00,99999.00,99999.00,99999.00,99999.00,99999.00,99999.00,99999.00,99999.00,99999.00
99999.00,99999.00,99999.00,99999.00,99999.00,99999.00,99999.00,99999.00,99999.00,99999.00,99999.00,99999.00,99999.00,99999.00,99999.00,99999.00,99999.00,99999.00,99999.00,99999.00,99999.00,99999.00,99999.00,99999.00,99999.00,99999.00,99999.00,99999.00,99999.00,99999.00,99999.00,99999.00,99999.00,99999.00,99999.00,99999.00,99999.00,99999.00,99999.00,99999.00,99999.00,99999.00,99999.00,99999.00,99999.00,99999.00,99999.00,99999.00,99999.00,99999.00,99999.00,99999.00,99999.00,99999.00,99999.00,99999.00,99999.00,99999.00,99999.00,99999.00,99999.00,99999.00,99999.00,99999.00,99999.00,99999.00,99999.00,99999.00,99999.00,99999.00,99999.00,99999.00,99999.00,99999.00,99999.00,99999.00,99999.00,99999.00,99999.00,99999.00,99999.00,99999.00,99999.00,99999.00,99999.00,99999.00,99999.00,99999.00,99999.00,99999.00,99999.00,99999.00,99999.00,99999.00,99999.00,99999.00,99999.00,99999.00,99999.00,99999.00,99999.00,99999.00,99999.00,99999.00,99999.00,99999.00,99999.00,99999.00,99999.00,99999.00,99999.00,99999.00,99999.00,99999.00,99999.00,99999.00,99999.00,99999.00,99999.00,99999.00,99999.00,99999.00,99999.00,99999.00,99999.00,99999.00,99999.00,99999.00,99999.00,99999.00,99999.00,99999.00
99999.00,99999.00,99999.00,99999.00,99999.00,99999.00,99999.00,99999.00,99999.00,99999.00,99999.00,99999.00,99999.00,99999.00,99999.00,99999.00,99999.00,99999.00,99999.00,99999.00,99999.00,99999.00,99999.00,99999.00,99999.00,99999.00,99999.00,99999.00,99999.00,99999.00,99999.00,99999.00,99999.00,99999.00,99999.00,99999.00,99999.00,99999.00,99999.00,99999.00,99999.00,99999.00,99999.00,99999.00,99999.00,99999.00,99999.00,99999.00,99999.00,99999.00,99999.00,99999.00,99999.00,99999.00,99999.00,99999.00,99999.00,99999.00,99999.00,99999.00,99999.00,99999.00,99999.00,99999.00,99999.00,99999.00,99999.00,99999.00,99999.00,99999.00,99999.00,99999.00,99999.00,99999.00,99999.00,99999.00,99999.00,99999.00,99999.00,99999.00,99999.00,99999.00,99999.00,99999.00,99999.00,99999.00,99999.00,99999.00,99999.00,99999.00,99999.00,99999.00,99999.00,99999.00,99999.00,99999.00,99999.00,99999.00,99999.00,99999.00,99999.00,99999.00,99999.00,99999.00,99999.00,99999.00,99999.00,99999.00,99999.00,99999.00,99999.00,99999.00,99999.00,99999.00,99999.00,99999.00,99999.00,99999.00,99999.00,99999.00,99999.00,99999.00,99999.00,99999.00,99999.00,99999.00,99999.00,99999.00,99999.00,99999.00,99999.00,99999.00
99999.00,99999.00,99999.00,99999.00,99999.00,99999.00,99999.00,99999.00,99999.00,99999.00,99999.00,99999.00,99999.00,99999.00,99999.00,99999.00,99999.00,99999.00,99999.00,99999.00,99999.00,99999.00,99999.00,99999.00,99999.00,99999.00,99999.00,99999.00,99999.00,99999.00,99999.00,99999.00,99999.00,99999.00,99999.00,99999.00,99999.00,99999.00,99999.00,99999.00,99999.00,99999.00,99999.00,99999.00,99999.00,99999.00,99999.00,99999.00,99999.00,99999.00,99999.00,99999.00,99999.00,99999.00,99999.00,99999.00,99999.00,99999.00,99999.00,99999.00,99999.00,99999.00,99999.00,99999.00,99999.00,99999.00,99999.00,99999.00,99999.00,99999.00,99999.00,99999.00,99999.00,99999.00,99999.00,99999.00,99999.00,99999.00,99999.00,99999.00,99999.00,99999.00,99999.00,99999.00,99999.00,99999.00,99999.00,99999.00,99999.00,99999.00,99999.00,99999.00,99999.00,99999.00,99999.00,99999.00,99999.00,99999.00,99999.00,99999.00,99999.00,99999.00,99999.00,99999.00,99999.00,99999.00,99999.00,99999.00,99999.00,99999.00,99999.00,99999.00,99999.00,99999.00,99999.00,99999.00,99999.00,99999.00,99999.00,99999.00,99999.00,99999.00,99999.00,99999.00,99999.00,99999.00,99999.00,99999.00,99999.00,99999.00,99999.00,99999.00
99999.00,99999.00,99999.00,99999.00,99999.00,99999.00,99999.00,99999.00,99999.00,99999.00,99999.00,99999.00,99999.00,99999.00,99999.00,99999.00,99999.00,99999.00,99999.00,99999.00,99999.00,99999.00,99999.00,99999.00,99999.00,99999.00,99999.00,99999.00,99999.00,99999.00,99999.00,99999.00,99999.00,99999.00,99999.00,99999.00,99999.00,99999.00,99999.00,99999.00,99999.00,99999.00,99999.00,99999.00,99999.00,99999.00,99999.00,99999.00,99999.00,99999.00,99999.00,99999.00,99999.00,99999.00,99999.00,99999.00,99999.00,99999.00,99999.00,99999.00,99999.00,99999.00,99999.00,99999.00,99999.00,99999.00,99999.00,99999.00,99999.00,99999.00,99999.00,99999.00,99999.00,99999.00,99999.00,99999.00,99999.00,99999.00,99999.00,99999.00,99999.00,99999.00,99999.00,99999.00,99999.00,99999.00,99999.00,99999.00,99999.00,99999.00,99999.00,99999.00,99999.00,99999.00,99999.00,99999.00,99999.00,99999.00,99999.00,99999.00,99999.00,99999.00,99999.00,99999.00,99999.00,99999.00,99999.00,99999.00,99999.00,99999.00,99999.00,99999.00,99999.00,99999.00,99999.00,99999.00,99999.00,99999.00,99999.00,99999.00,99999.00,99999.00,99999.00,99999.00,99999.00,99999.00,99999.00,99999.00,99999.00,99999.00,99999.00,99999.00
99999.00,99999.00,99999.00,99999.00,99999.00,99999.00,99999.00,99999.00,99999.00,99999.00,99999.00,99999.00,99999.00,99999.00,99999.00,99999.00,99999.00,99999.00,99999.00,99999.00,99999.00,99999.00,99999.00,99999.00,99999.00,99999.00,99999.00,99999.00,99999.00,99999.00,99999.00,99999.00,99999.00,99999.00,99999.00,99999.00,99999.00,99999.00,99999.00,99999.00,99999.00,99999.00,99999.00,99999.00,99999.00,99999.00,99999.00,99999.00,99999.00,99999.00,99999.00,99999.00,99999.00,99999.00,99999.00,99999.00,99999.00,99999.00,99999.00,99999.00,99999.00,99999.00,99999.00,99999.00,99999.00,99999.00,99999.00,99999.00,99999.00,99999.00,99999.00,99999.00,99999.00,99999.00,99999.00,99999.00,99999.00,99999.00,99999.00,99999.00,99999.00,99999.00,99999.00,99999.00,99999.00,99999.00,99999.00,99999.00,99999.00,99999.00,99999.00,99999.00,99999.00,99999.00,99999.00,99999.00,99999.00,99999.00,99999.00,99999.00,99999.00,99999.00,99999.00,99999.00,99999.00,99999.00,99999.00,99999.00,99999.00,99999.00,99999.00,99999.00,99999.00,99999.00,99999.00,99999.00,99999.00,99999.00,99999.00,99999.00,99999.00,99999.00,99999.00,99999.00,99999.00,99999.00,99999.00,99999.00,99999.00,99999.00,99999.00,99999.00
